0.471877
0.381937
0.539403
0.783255
0.718976
0.484184
0.670708
0.743001
0.507117
0.653272
0.740191
0.568206
0.0808793
0.464921
0.748624
0.130147
0.760752
0.755208
0.209414
0.770447
0.477519
0.708089
0.577418
0.688206
0.627952
0.628089
0.649055
0.672219
0.646533
0.305085
0.36942
0.327135
0.709809
0.646736
0.506543
0.71323
0.713576
0.554856
0.284684
0.634679
0.596369
0.4905
0.590209
0.578232
0.549156
0.646874
0.694639
0.539401
0.571477
0.229087
0.687438
0.704009
0.431078
0.730435
0.516023
0.720437
0.406552
0.702528
0.634503
0.742254
0.522473
0.803393
0.448237
0.726164
0.397766
0.0997632
0.691292
0.688353
0.714502
0.746991
0.725649
0.821731
0.49788
0.64555
0.522157
0.636712
0.678686
0.77594
0.791732
0.721219
0.706362
0.726035
0.704088
0.705714
0.557554
0.234906
0.554534
0.822014
0.738073
0.504208
0.731396
0.618341
0.625242
0.313104
0.449083
0.718004
0.676635
0.53325
0.561596
0.775981
0.60139
0.793784
0.735066
0.641726
0.734787
0.651989
0.4542
0.725578
0.537967
0.712534
0.784979
0.609544
0.598677
0.686418
0.414209
0.546939
0.613352
0.75
0.80947
0.723993
0.642041
0.866458
0.794519
0.687518
0.633768
0.623436
0.673833
0.840139
0.84127
0.763434
0.535192
0.741437
0.689401
0.722899
0.632626
0.723549
0.709523
0.670067
0.715178
0.439091
0.416928
0.445384
0.632997
0.598431
0.713879
0.812547
0.566484
0.545769
0.456398
0.60905
0.303073
0.762214
0.241481
0.722194
0.703871
0.324336
0.720193
0.478904
0.613987
0.699042
0.785822
0.438473
0.688892
0.732071
0.807492
0.752148
0.633771
0.582411
0.738606
0.705275
0.720878
0.810729
0.7436
0.640711
0.206133
0.581552
0.82972
0.667177
0.718548
0.682065
0.705254
0.642506
0.653423
0.500973
0.66533
0.413713
0.731206
0.605993
0.658962
0.686508
0.4137
0.71937
0.836003
0.643433
0.782912
0.269809
0.677004
0.602655
0.746599
0.594499
0.602688
0.825546
0.624563
0.640276
0.633149
0.234986
0.743024
0.620498
0.666667
0.661476
0.696176
0.687902
0.768536
0.776079
0.777533
0.720712
0.702681
0.809145
0.325191
0.0336695
0.645217
0.423792
0.676208
0.804708
0.721963
0.321446
0.69837
0.184385
0.419327
0.906255
0.636637
0.695166
0.759467
0.64898
0.662517
0.540572
0.79017
0.663565
0.679167
0.660575
0.504772
0.676174
0.660176
0.710526
0.775431
0.835282
0.688679
0.389687
0.275742
0.393642
0.498114
0.61957
0.36872
0.681579
0.600013
0.676596
0.804
0.602339
0.694231
0.846208
0.788679
0.279191
0.730248
0.448127
0.459657
0.721382
0.684458
0.43692
0.37216
0.303911
0.411162
0.641669
0.613507
0.618217
0.740615
0.709266
0.703932
0.360054
0.533185
0.772132
0.425257
0.342774
0.652457
0.531671
0.808443
0.161248
0.625022
0.80337
0.676774
0.411652
0.243596
0.723851
0.740696
0.732748
0.551136
0.635302
0.595124
0.668552
0.274874
0.678283
0.233951
0.250784
0.744768
0.597409
0.7602
0.746985
0.64023
0.737446
0.661569
0.685331
0.640424
0.675439
0.790287
0.772639
0.542056
0.788005
0.706703
0.607203
0.276331
0.425743
0.726636
0.706977
0.483051
0.776916
0.629132
0.15403
0.586425
0.568352
0.723708
0.320689
0.714271
0.153355
0.509174
0.197713
0.62799
0.556999
0.512327
0.614184
0.409732
0.63363
0.24787
0.366876
0.696213
0.692949
0.608334
0.201743
0.566073
0.701322
0.655444
0.80213
0.622216
0.634681
0.700321
0.678994
0.688202
0.691634
0.531937
0.810662
0.561404
0.724576
0.388955
0.640381
0.704304
0.47279
0.81099
0.682054
0.64717
0.42088
0.83578
0.764691
0.872943
0.703365
0.280109
0.458319
0.476102
0.721791
0.722093
0.706471
0.759002
0.650056
0.634304
0.470057
0.78735
0.718047
0.832218
0.648146
0.158373
0.602275
0.76415
0.136172
0.599895
0.135767
0.476942
0.768875
0.406904
0.651905
0.394253
0.683721
0.647665
0.536245
0.621063
0.400093
0.534591
0.690056
0.818454
0.563418
0.905902
0.684797
0.768038
0.564779
0.341407
0.232855
0.698743
0.739535
0.650481
0.505827
0.25631
0.577136
0.338044
0.56092
0.718451
0.537177
0.285759
0.625556
0.513866
0.713122
0.718945
0.747897
0.200673
0.436353
0.481181
0.695758
0.323584
0.708593
0.102418
0.546685
0.796507
0.40561
0.232574
0.77925
0.7243
0.608932
0.8145
0.708637
0.136539
0.772896
0.781318
0.670603
0.72784
0.681141
0.794405
0.609133
0.620057
0.585189
0.228556
0.590421
0.586367
0.45675
0.608632
0.659421
0.75731
0.255776
0.576971
0.415288
0.173666
0.694031
0.705957
0.533175
0.671527
0.501131
0.721026
0.454883
0.707074
0.425164
0.491471
0.787686
0.710772
0.701136
0.58682
0.645867
0.652868
0.645618
0.346982
0.628689
0.692965
0.702897
0.835597
0.685171
0.778415
0.743111
0.597894
0.472862
0.613243
0.620304
0.548787
0.707711
0.466245
0.859764
0.492029
0.750179
0.656453
0.771816
0.744213
0.568733
0.39458
0.829565
0.641696
0.770241
0.632479
0.19706
0.663931
0.703026
0.716562
0.672787
0.734367
0.573182
0.718976
0.604959
0.611469
0.737665
0.856422
0.659078
0.421569
0.555262
0.762723
0.633719
0.827007
0.552503
0.813158
0.677788
0.728148
0.440638
0.755043
0.71805
0.552525
0.675912
0.537544
0.323557
0.658028
0.733794
0.585506
0.765568
0.615038
0.409129
0.738712
0.695048
0.536368
0.539077
0.708583
0.709959
0.533457
0.487888
0.620964
0.693359
0.745943
0.0287062
0.650443
0.703658
0.748227
0.501707
0.703895
0.67226
0.550958
0.779293
0.559414
0.770656
0.603915
0.684371
0.414794
0.616101
0.446228
0.422466
0.638825
0.714612
0.517766
0.668691
0.65565
0.718497
0.705516
0.698179
0.159982
0.7564
0.701149
0.795497
0.702445
0.787937
0.668766
0.701538
0.349503
0.6684
0.7532
0.81484
0.6625
0.458743
0.174394
0.235726
0.871736
0.578173
0.798981
0.198915
0.658986
0.714025
0.761768
0.753182
0.521233
0.525083
0.676227
0.460617
0.607209
0.836656
0.468918
0.797356
0.593255
0.555799
0.733409
0.7257
0.755106
0.823747
0.607215
0.292241
0.638614
0.719759
0.686998
0.544226
0.592032
0.667595
0.467233
0.71967
0.476079
0.65467
0.667979
0.658429
0.736424
0.715257
0.610747
0.841626
0.760951
0.710624
0.772578
0.673567
0.657426
0.663054
0.668745
0.675781
0.721661
0.754521
0.641979
0.51575
0.419073
0.646618
0.688057
0.729583
0.595046
0.688887
0.748056
0.738769
0.712439
0.459862
0.783907
0.733996
0.785611
0.59108
0.588512
0.630123
0.662526
0.691076
0.760808
0.679256
0.830299
0.470017
