0.69951
0.820911
0.398123
0.651175
0.690802
0.694392
0.65663
0.455038
0.592338
0.663899
0.651617
0.645421
0.454023
0.725624
0.713975
0.647337
0.731018
0.722451
0.59607
0.491094
0.528875
0.61378
0.793644
0.617795
0.60457
0.53873
0.584481
0.707199
0.688286
0.635106
0.685513
0.485243
0.792191
0.747414
0.683294
0.731343
0.69302
0.702805
0.620705
0.642834
0.664739
0.790143
0.64052
0.560725
0.135517
0.655958
0.802723
0.476362
0.73942
0.6173
0.698018
0.708207
0.595037
0.636663
0.458483
0.462164
0.609212
0.510524
0.664736
0.726728
0.553505
0.706319
0.621552
0.492212
0.69547
0.684549
0.755994
0.676256
0.764912
0.701452
0.178353
0.675889
0.501378
0.717004
0.780121
0.620594
0.664808
0.282994
0.664427
0.667377
0.575661
0.676
0.696581
0.378638
0.3828
0.663492
0.615309
0.720864
0.705163
0.652939
0.789554
0.689466
0.730628
0.759544
0.418549
0.770751
0.505184
0.639698
0.689133
0.696391
0.583628
0.616729
0.53012
0.45813
0.586808
0.667338
0.780422
0.634186
0.737053
0.60316
0.604106
0.686872
0.643201
0.627553
0.602535
0.660564
0.362068
0.822807
0.620833
0.287143
0.797863
0.789999
0.448676
0.828209
0.727886
0.602434
0.690706
0.536963
0.640633
0.753857
0.555248
0.744815
0.680802
0.796313
0.641003
0.612803
0.403195
0.776471
0.667431
0.54546
0.69908
0.871586
0.678219
0.677824
0.768444
0.655731
0.646671
0.668309
0.620596
0.273665
0.664811
0.402568
0.739607
0.636569
0.703121
0.702288
0.581081
0.538129
0.69263
0.462166
0.633973
0.699849
0.758242
0.680851
0.56377
0.785678
0.35451
0.680009
0.70641
0.718605
0.649528
0.794058
0.682729
0.683554
0.754922
0.677426
0.451134
0.452184
0.468998
0.571214
0.796375
0.649265
0.448996
0.721923
0.721955
0.442138
0.675492
0.494407
0.696345
0.785446
0.704389
0.580231
0.226337
0.604142
0.657884
0.651688
0.791656
0.195003
0.58343
0.699839
0.762628
0.170275
0.429825
0.718918
0.510226
0.695993
0.58471
0.909349
0.542265
0.720582
0.693489
0.818539
0.510194
0.747059
0.692052
0.636449
0.575011
0.493761
0.329508
0.690779
0.908676
0.787368
0.85677
0.735103
0.682376
0.678899
0.587152
0.45139
0.543608
0.353674
0.775453
0.72851
0.750396
0.474922
0.849283
0.545647
0.584806
0.731034
0.450803
0.672793
0.457443
0.512145
0.660347
0.554226
0.580424
0.699497
0.681742
0.750302
0.773374
0.756219
0.058533
0.668661
0.648156
0.71235
0.473702
0.554941
0.750294
0.8224
0.645419
0.593139
0.775895
0.478187
0.610729
0.79767
0.694772
0.719777
0.641245
0.602337
0.521566
0.739789
0.786387
0.784202
0.620277
0.724233
0.68841
0.73479
0.760841
0.73267
0.677521
0.703831
0.662872
0.796994
0.624447
0.639018
0.886937
0.735771
0.347485
0.72699
0.701661
0.378418
0.602637
0.761718
0.742011
0.448654
0.759067
0.751153
0.272332
0.401333
0.7287
0.655468
0.721287
0.754611
0.617225
0.796988
0.67262
0.849787
0.27412
0.812783
0.776371
0.817197
0.471786
0.595634
0.65599
0.771917
0.728664
0.771908
0.346395
0.442726
0.769269
0.512022
0.744684
0.417317
0.732201
0.611997
0.407902
0.716104
0.766388
0.130975
0.686958
0.717624
0.554753
0.740549
0.429974
0.71012
0.780067
0.377169
0.662581
0.677853
0.839358
0.678781
0.562072
0.545049
0.162412
0.722575
0.744329
0.73853
0.667997
0.352989
0.681584
0.70403
0.696299
0.734116
0.466546
0.684206
0.527891
0.573213
0.26418
0.693465
0.580899
0.601014
0.69221
0.728016
0.159531
0.593455
0.197267
0.678653
0.727844
0.581249
0.795477
0.735442
0.689376
0.752901
0.221984
0.685082
0.724823
0.504945
0.804865
0.575693
0.711936
0.680183
0.735596
0.217515
0.136667
0.749316
0.580692
0.669171
0.35935
0.495174
0.680682
0.236292
0.640802
0.736864
0.785477
0.309634
0.221543
0.606646
0.789773
0.802413
0.509362
0.715836
0.660577
0.665543
0.591426
0.662136
0.617373
0.669469
0.374807
0.0646295
0.618175
0.505152
0.461768
0.740552
0.573031
0.343953
0.674064
0.512461
0.719259
0.659362
0.618825
0.562326
0.787354
0.674191
0.615807
0.787269
0.65505
0.275306
0.426156
0.469327
0.68706
0.830217
0.685263
0.525253
0.451963
0.730299
0.386686
0.63792
0.733013
0.117402
0.676929
0.618345
0.497164
0.238543
0.833273
0.558949
0.215535
0.77617
0.698638
0.438329
0.380006
0.757716
0.704794
0.539377
0.768294
0.64345
0.659878
0.530636
0.274345
0.702048
0.341048
0.756454
0.592519
0.357686
0.70289
0.484525
0.629371
0.753127
0.775796
0.414135
0.85139
0.377197
0.541152
0.71369
0.605892
0.664554
0.565476
0.692059
0.683656
0.224725
0.648507
0.532794
0.25956
0.262796
0.629786
0.219341
0.770474
0.343791
0.459968
0.330963
0.226849
0.848077
0.376939
0.730843
0.780866
0.707946
0.58864
0.393936
0.796993
0.687439
0.784855
0.773948
0.722016
0.280612
0.28292
0.670245
0.152414
0.900923
0.10805
0.37844
0.209302
0.440613
0.645
0.750827
0.540209
0.342566
0.247246
0.705416
0.702022
0.734514
0.199938
0.350354
0.445858
0.16368
0.179689
0.732345
0.682609
0.266056
0.701091
0.447341
0.17899
0.196496
0.245246
0.748595
0.754678
0.579983
0.71804
0.379731
0.531901
0.659903
0.836392
0.664667
0.729003
0.860315
0.710928
0.257038
0.697185
0.161835
0.605444
0.372379
0.867686
0.528488
0.669508
0.856043
0.617062
0.750624
0.662933
0.415164
0.204612
0.703058
0.387363
0.383374
0.569752
0.678581
0.727401
0.601566
0.336555
0.685273
0.758528
0.819207
0.565114
0.644101
0.657364
0.671894
0.73516
0.585981
0.431423
0.265971
0.16913
0.673469
0.728689
0.86989
0.316671
0.273168
0.716653
0.371266
0.750377
0.115535
0.801043
0.336071
0.817893
0.184809
0.523479
0.238143
0.187988
0.335542
0.460197
0.720183
0.639824
0.521019
0.503112
0.37633
0.0782313
0.259609
0.808863
0.636187
0.780024
0.681653
0.593677
0.168002
0.664628
0.684197
0.655486
0.438608
0.355291
0.479973
0.141614
0.354989
0.508553
0.228156
0.64009
0.702321
0.307087
0.612059
0.706333
0.623337
0.489621
0.573611
0.277353
0.491065
0.743119
0.389304
0.771592
0.720815
0.209266
0.750321
0.250648
0.729429
0.211507
0.368741
0.453895
0.473338
0.0808778
0.568976
0.701476
0.764915
0.726185
0.250601
0.645759
0.278324
0.293919
0.712984
0.750376
0.83216
0.70372
0.649708
0.676906
0.442953
0.624238
0.302913
0.641019
0.757439
0.179393
0.658163
0.699664
0.666469
0.72548
0.711622
0.419496
0.457601
0.748871
0.687529
0.265198
0.323941
0.36771
0.42415
0.373824
0.247167
0.596997
0.327381
0.715153
0.731219
0.109212
0.648311
0.479727
0.617945
0.562256
0.46303
0.0937073
0.679233
0.133629
0.435862
0.400641
0.313205
0.119782
0.385101
