0.587971
0.412064
0.354109
0.183126
0.390098
0.500971
0.451664
0.52337
0.53719
0.521718
0.394143
0.640212
0.401759
0.543624
0.212199
0.0463655
0.240831
0.65213
0.640732
0.33
0.376344
0.428948
0.5409
0.626927
0.22119
0.498834
0.746948
0.56313
0.179842
0.514543
0.508161
0.31342
0.200277
0.393973
0.372749
0.330579
0.561243
0.354959
0.338321
0.590894
0.4315
0.48143
0.591846
0.59977
0.535607
0.464017
0.255911
0.648443
0.328626
0.427739
0.430213
0.383122
0.646221
0.56361
0.487069
0.611981
0.536036
0.250994
0.482998
0.52844
0.5875
0.71129
0.633203
0.0545704
0.275394
0.548225
0.457418
0.379602
0.273548
0.349149
0.383954
0.278014
0.428164
0.520667
0.273632
0.137789
0.143745
0.514559
0.446137
0.177139
0.221147
0.814112
0.319214
0.572459
0.6017
0.464823
0.600645
0.128595
0.803886
0.665188
0.650289
0.110385
0.385425
0.487342
0.465349
0.416116
0.464179
0.377252
0.384698
0.401655
0.648123
0.0944598
0.444391
0.311701
0.387004
0.482026
0.152233
0.503961
0.629271
0.419634
0.101635
0.188191
0.565871
0.0996055
0.518902
0.617076
0.471962
0.445473
0.306274
0.405551
0.540281
0.210748
0.542781
0.392405
0.572479
0.0889347
0.505286
0.58622
0.691378
0.62074
0.435865
0.565757
0.608027
0.414842
0.260426
0.480752
0.699228
0.46914
0.641958
0.640057
0.777754
0.257053
0.336354
0.461416
0.625372
0.61219
0.129193
0.35846
0.588883
0.568015
0.519104
0.119773
0.670383
0.308558
0.496985
0.565008
0.430835
0.581818
0.549242
0.336803
0.371053
0.136986
0.594152
0.528124
0.419078
0.616775
0.5253
0.541773
0.315813
0.136667
0.480352
0.340996
0.0647432
0.517017
0.736545
0.595459
0.444884
0.161008
0.430775
0.500639
0.788901
0.123962
0.275729
0.63233
0.656422
0.722392
0.476356
0.278997
0.581156
0.119741
0.233763
0.44947
0.293804
0.741342
0.401092
0.277169
0.356099
0.393556
0.599553
0.753881
0.419836
0.49298
0.441402
0.448531
0.414954
0.485539
0.494949
0.400761
0.438702
0.475
0.724539
0.701924
0.659974
0.71431
0.471113
0.19713
0.221477
0.645686
0.271455
0.591956
0.453623
0.359195
0.166234
0.492828
0.769276
0.321622
0.305749
0.547925
0.456775
0.408311
0.379523
0.634464
0.60069
0.122249
0.59657
0.386303
0.370879
0.348646
0.397612
0.576723
0.430977
0.411211
0.4211
0.699807
0.240883
0.623844
0.474788
0.396572
0.350492
0.0638496
0.703415
0.120873
0.352481
0.453268
0.377663
0.778622
0.267492
0.471094
0.518373
0.506482
0.511149
0.580691
0.526972
0.692876
0.492481
0.471755
0.614322
0.279796
0.51973
0.56885
0.65193
0.615887
0.472881
0.298012
0.588925
0.539887
0.468506
0.223269
0.515092
0.354885
0.568347
0.498682
0.119164
0.656568
0.437003
0.441221
0.666739
0.622573
0.530903
0.326189
0.360963
0.508761
0.465686
0.441278
0.375537
0.451192
0.666244
0.827524
0.489318
0.39
0.518601
0.637551
0.376702
0.449095
0.41938
0.526316
0.589298
0.317739
0.314815
0.399671
0.390203
0.608914
0.456106
0.747615
0.203594
0.504062
0.517262
0.454738
0.39662
0.300774
0.473412
0.375572
0.35539
0.390726
0.564416
0.365441
0.624032
0.218559
0.413834
0.439235
0.542633
0.676599
0.507947
0.386772
0.571847
0.680989
0.502766
0.495706
0.450724
0.50966
0.482034
0.762663
0.161148
0.705584
0.638879
0.413636
0.36401
0.638498
0.157952
0.328244
0.4414
0.398915
0.638958
0.074181
0.490416
0.433045
0.0483305
0.608032
0.614289
0.308166
0.605558
0.739726
0.442418
0.634226
0.431883
0.887165
0.521186
0.383941
0.387205
0.493679
0.488372
0.362612
0.56969
0.469769
0.60574
0.461683
0.666667
0.860889
0.416656
0.489739
0.488909
0.608085
0.449582
0.489866
0.583453
0.16307
0.54026
0.470408
0.489104
0.473613
0.70835
0.577832
0.221106
0.485518
0.635371
0.315116
0.563927
0.549053
0.380551
0.208718
0.30808
0.110889
0.387492
0.451864
0.683521
0.635905
0.786517
0.441246
0.544555
0.0715135
0.477009
0.598087
0.543619
0.204966
0.335499
0.609825
0.651352
0.668209
0.427632
0.468785
0.477725
0.604212
0.683354
0.383025
0.386831
0.644295
0.63574
0.622506
0.485377
0.584351
0.333777
0.1115
0.497253
0.494352
0.552209
0.361379
0.45583
0.481371
0.464798
0.549641
0.637545
0.577726
0.48749
0.580075
0.646301
0.884025
0.656656
0.516024
0.600791
0.577871
0.325962
0.219355
0.206301
0.6524
0.545721
0.721205
0.621524
0.478704
0.651961
0.557551
0.453209
0.423265
0.295242
0.372966
0.6375
0.429996
0.317266
0.756538
0.531205
0.505177
0.650729
0.499224
0.167017
0.109687
0.511402
0.137484
0.637703
0.632082
0.461905
0.559413
0.256849
0.260755
0.501137
0.46044
0.471086
0.541288
0.352535
0.562084
0.53964
0.569459
0.462207
0.351127
0.554006
0.525016
0.66302
0.535698
0.320785
0.4814
0.521538
0.375771
0.43192
0.504138
0.545736
0.432451
0.307932
0.269569
0.42119
0.327208
0.463661
0.43516
0.41088
0.715061
0.601094
0.548138
0.299214
0.150221
0.45739
0.458351
0.471757
0.495847
0.312052
0.171897
0.183536
0.269246
0.675908
0.343298
0.466838
0.168291
0.552037
0.201344
0.400348
0.230166
0.122823
0.362539
0.591592
0.355179
0.452061
0.117155
0.510454
0.145115
0.605603
0.372549
0.467754
0.193193
0.556897
0.547342
0.22246
0.307031
0.559601
0.601774
0.225875
0.502144
0.525
0.690212
0.314033
0.200447
0.518388
0.282859
0.516844
0.530062
0.619486
0.237935
0.343487
0.393939
0.438525
0.550209
0.639445
0.376177
0.475836
0.150624
0.469564
0.6695
0.567951
0.3098
0.384283
0.546009
0.537942
0.352082
0.410338
0.622335
0.709421
0.328767
0.533907
0.648197
0.621711
0.584895
0.624677
0.565888
0.305641
0.656934
0.456346
0.309432
0.730897
0.308125
0.429293
0.593228
0.502446
0.676129
0.373333
0.641244
0.4869
0.391608
0.417273
0.494821
0.339523
0.59662
0.53963
0.175107
0.242172
0.279049
0.550039
0.208591
0.686603
0.445336
0.439597
0.510547
0.62713
0.447849
0.366982
0.548021
0.712535
0.355731
0.592678
0.177419
0.229709
0.735849
0.611027
0.545595
0.333548
0.611892
0.210818
0.510624
0.147156
0.293448
0.467282
0.397022
0.546457
0.431104
0.14913
0.373455
0.616119
0.52911
0.659634
0.602121
0.611349
0.438634
0.45917
0.588277
0.534718
0.571053
0.83134
0.407058
0.267964
0.745517
0.257471
0.38207
0.431276
0.50505
0.482886
0.0508504
0.639722
0.465686
0.408872
0.731391
0.210006
0.32246
0.570685
0.499606
0.35219
0.672508
0.120896
0.332447
0.245386
0.50258
0.496552
0.477963
0.437895
0.444501
0.58194
0.2774
0.472373
0.664917
0.538489
0.183793
0.674775
0.42953
0.58441
0.692752
0.15311
0.555639
0.363441
0.120495
0.357156
0.656426
0.344131
0.643728
0.512849
0.0931378
0.619331
0.135097
0.551191
0.162516
0.160587
0.487225
0.287031
0.603896
0.105313
0.0945913
0.685991
0.478296
0.624039
0.495611
0.211802
0.174369
0.362633
0.300785
0.505976
0.382483
0.450589
0.355932
0.513107
0.246812
0.621662
0.40604
0.793724
0.684337
0.580664
0.534456
0.704242
0.513241
0.50137
0.639542
0.50727
0.392993
0.221145
0.526495
0.546953
0.259848
0.594036
0.415635
0.672794
0.0996536
0.29139
0.5656
0.487039
0.66044
0.663995
0.524181
0.617262
0.418772
0.512822
0.153161
0.657484
0.608408
0.530987
0.403185
0.487924
0.504849
0.40215
0.512082
0.705295
0.0930868
0.467888
0.711157
0.752889
0.435214
0.471267
0.453407
0.610672
0.486254
0.634956
0.39146
0.602533
0.589928
0.519148
0.490324
0.463116
0.473262
0.307829
0.420635
0.243398
0.23846
0.370887
0.547193
0.215765
0.58389
0.539125
0.517345
0.612489
0.607827
0.515401
0.560993
0.684431
0.589247
0.596165
0.588165
0.641632
0.659862
0.638746
0.527494
0.666438
0.678017
0.405289
0.579942
0.569007
0.397755
0.105769
0.655597
0.340955
0.544762
0.401065
0.496478
0.419515
0.704042
0.545076
0.595899
0.642261
0.5439
0.694224
0.308999
0.628536
0.541263
0.422124
0.532826
0.477326
0.753127
0.508712
0.593449
0.41729
0.831813
0.149222
0.597669
0.177794
0.573276
0.461639
0.527469
0.602423
0.545968
0.574978
0.408253
0.64481
0.14977
0.426648
0.243153
0.521376
0.296621
0.393862
0.63913
0.624336
0.537374
0.674235
0.149798
0.560344
0.145688
0.57146
0.529085
0.11939
0.526042
0.561482
0.664266
0.831842
0.586857
0.344441
0.647903
0.574367
0.707892
0.728847
0.587755
0.569895
0.453409
0.665041
0.472198
0.278865
0.49428
0.273831
0.543146
0.576885
0.596533
0.524252
0.576033
0.267743
0.661943
0.246872
0.603222
0.594604
0.45379
0.787345
0.455667
0.242382
0.608634
0.511107
0.555195
0.622148
0.398569
0.474966
0.207072
0.583333
0.412421
0.260888
0.339194
0.426392
0.694127
0.415187
0.615559
0.332848
0.63667
0.682625
0.527762
0.526148
0.394575
0.466768
0.238971
0.284024
0.547911
0.608921
0.536979
0.599369
0.524421
0.62427
0.288542
0.170768
0.597701
0.406426
0.75075
0.658454
0.549656
0.377566
0.339627
0.664763
0.588056
0.621003
0.219733
0.619511
0.510774
0.674483
0.377702
0.695021
0.63432
0.316182
0.424175
0.49596
0.771889
0.556461
0.245863
0.615385
0.463578
0.653226
0.586223
0.0519584
0.602629
0.492754
0.606863
0.619708
0.469659
0.463721
0.522244
0.620434
0.530113
0.653028
0.431005
0.685315
0.725826
0.599198
0.290138
0.617077
0.493597
0.662651
0.417593
0.283229
0.494725
0.335657
0.822785
0.684578
0.384127
0.451087
0.574299
0.434562
0.47058
0.757682
0.46398
0.663362
0.309204
0.7511
0.703317
0.187222
0.58805
0.521637
0.661123
0.587188
0.508794
0.505622
0.63916
0.451672
0.717948
0.527538
0.231233
0.552253
0.583373
0.331837
0.707115
0.369636
0.420914
0.214716
0.343602
0.487858
0.72671
0.646197
0.452394
0.485098
0.542763
0.255121
0.242759
0.428025
0.614897
0.505119
0.481819
0.515555
0.670768
0.450089
0.505738
0.408587
0.876854
0.577743
0.534079
0.749704
0.522196
0.649664
0.485798
0.250642
0.148336
0.460364
0.735686
0.38683
0.589363
0.480869
0.66445
0.483976
0.602112
0.341115
0.489187
0.428911
0.25991
0.420872
0.581866
0.564672
0.191296
0.477164
0.508112
0.333438
0.468856
0.661538
0.645161
0.557221
0.279363
0.612232
0.418831
0.649349
0.755226
0.646552
0.542008
0.595485
0.516192
0.47527
0.528024
0.477059
0.440306
0.751587
0.728842
0.517824
0.5673
0.505535
0.387857
0.744463
0.575477
0.585793
0.608023
0.715343
0.326174
0.230827
0.514363
0.302232
0.595464
0.446156
0.83846
0.449404
0.582549
0.568854
0.460526
0.461325
0.538639
0.51227
0.461704
0.33729
0.68599
0.316818
0.73557
0.673013
0.270238
0.331922
0.104127
0.694931
0.655233
0.0743411
0.254356
0.380793
0.65738
0.621693
0.494831
0.694619
0.537184
0.405852
0.0962829
0.496066
0.55655
0.306603
0.347322
0.161856
0.292538
0.2753
0.673053
0.237714
0.159411
0.630465
0.275716
0.746267
0.07833
0.58921
0.441647
0.601862
0.48631
0.20618
0.354453
0.629453
0.480685
0.341561
0.62381
0.277952
0.477141
0.615704
0.671629
0.622158
0.41773
0.405465
0.433117
0.44395
0.591946
0.376575
0.539352
0.463971
0.807553
0.386859
0.343646
0.454315
0.410657
0.801147
0.211288
0.679976
0.677521
0.598065
0.755844
0.0832049
0.418117
0.359195
0.751844
0.570911
0.365414
0.0685829
0.407233
0.502058
0.344437
0.521779
0.467205
0.644673
0.440594
0.2189
0.34416
0.465927
0.712335
0.261773
0.459364
0.515625
0.33507
0.485866
0.415708
0.269198
0.567338
0.566518
0.58426
0.388048
0.254214
0.410317
0.543737
0.637904
0.344165
0.525616
0.435591
0.292263
0.484621
0.112171
0.603942
0.46896
0.482907
0.582048
0.634249
0.555854
0.0643381
0.676009
0.592488
0.361113
0.160893
0.291367
0.719076
0.622894
0.468392
0.499608
0.31254
0.45135
0.392241
0.373764
0.734271
0.320601
0.238707
0.777405
0.123714
0.694082
0.122889
0.822367
0.565635
0.42535
0.183453
0.0793911
0.625546
0.347652
0.663043
0.871965
0.456227
0.563
0.500675
0.199074
0.621764
0.279423
0.328476
0.469274
0.479516
0.387016
0.423626
0.0706901
0.344832
0.0613284
0.209759
0.378966
0.62161
0.358023
0.320641
0.248322
0.467836
0.580097
0.307274
0.472415
0.362618
0.381944
0.129187
0.349637
0.29481
0.630977
0.431064
0.67447
0.752222
0.0980196
0.55854
0.161498
0.472941
0.396641
0.690817
0.328857
0.0310502
0.477183
0.498961
0.464273
0.892541
0.622171
0.494433
0.0441608
0.379773
0.684492
0.412688
0.70949
0.790455
0.446872
0.222672
0.621899
0.545649
0.558604
0.588654
0.398774
0.528289
0.604245
0.516577
0.74653
0.681245
0.258968
0.364982
0.685307
0.359736
0.55549
0.541126
0.52434
0.477997
0.697169
0.446218
0.370901
0.297591
0.348187
0.52969
0.570233
0.286032
0.550233
0.56186
0.688995
0.0539842
0.137201
0.30107
0.512544
0.119787
0.630035
0.404924
0.396486
0.513736
0.426627
0.509814
0.626909
0.517916
0.188294
0.569243
0.583401
0.675996
0.287295
0.546129
0.518172
0.467668
0.476586
0.516604
0.85328
0.64641
0.488155
0.478234
0.592025
0.340685
0.538995
0.243873
0.294724
0.532994
0.521183
0.173029
0.61706
0.218286
0.507236
0.64361
0.54331
0.495381
0.116012
0.270979
0.191903
0.326575
0.247506
0.344256
0.651934
0.236872
0.304973
0.400815
0.141904
0.562381
0.302029
0.713927
0.33978
0.401939
0.586667
0.229786
0.525691
0.699126
0.794118
0.524189
0.587755
0.657718
0.646739
0.326087
0.573635
0.213166
0.353557
0.600977
0.547945
0.52139
0.896414
0.616789
0.146469
0.449455
0.323044
0.831133
0.565114
0.432181
0.691438
0.606567
0.328415
0.558424
0.405272
0.224553
0.319588
0.491954
0.520803
0.223022
0.244435
0.584946
0.661395
0.265319
0.337081
0.439915
0.601469
0.602845
0.41493
0.624357
0.408222
0.51346
0.467545
0.217514
0.363594
0.784823
0.411566
0.485139
0.766046
0.0379262
0.622084
0.530075
0.726218
0.311802
0.133002
0.658721
0.628942
0.354702
0.34593
0.0969388
0.164957
0.58226
0.679907
0.507902
0.502409
0.46891
0.526589
0.820316
0.717546
0.645533
0.697914
0.402859
0.640931
0.259635
0.216539
0.612721
0.607796
0.772499
0.589534
0.469136
0.323319
0.588358
0.310164
0.267005
0.830683
0.46845
0.68067
0.387999
0.157531
0.444583
0.394383
0.686638
0.330935
0.695324
0.442337
0.698276
0.799902
0.312034
0.336989
0.822048
0.333014
0.472075
0.294194
0.609934
0.291743
0.507357
0.623233
0.673992
0.588883
0.38431
0.323398
0.438819
0.282779
0.202894
0.354927
0.437281
0.66644
0.58483
0.845396
0.517478
0.641045
0.74753
0.513449
0.503623
0.333777
0.498745
0.29974
0.471396
0.249942
0.513099
0.622807
0.754682
0.618885
0.376125
0.213936
0.205161
0.271603
0.60057
0.187525
0.401143
0.609872
0.442259
0.47491
0.206728
0.214795
0.667814
0.480303
0.196887
0.724248
0.446692
0.282767
0.289437
0.273753
0.582246
0.637042
0.247806
0.166205
0.412162
0.500262
0.487107
0.6038
0.455584
0.483516
0.539888
0.346792
0.435033
0.478034
0.585493
0.514486
0.280263
0.425026
0.451143
0.483109
0.488255
0.384794
0.318847
0.233041
0.532841
0.612188
0.610501
0.561284
0.366245
0.496069
0.483314
0.366966
0.441426
0.439052
0.258531
0.0345162
0.501206
0.294946
0.170314
0.657385
0.484444
0.195804
0.502778
0.152397
0.511988
0.515234
0.476913
0.422701
0.321791
0.523067
0.572908
0.581287
0.293943
0.278381
0.27013
0.181033
0.148357
0.28826
0.222661
0.101401
0.433911
0.684197
0.47829
0.637643
0.483545
0.478257
0.207639
0.81936
0.713882
0.0559118
0.105733
0.574903
0.245726
0.545561
0.484868
0.199952
0.136564
0.149467
0.197949
0.650076
0.845482
0.566901
0.740966
0.610385
0.717315
0.587915
0.296213
0.788261
0.0975232
0.212587
0.567394
0.787879
0.754744
0.524826
0.748849
0.484962
0.397651
0.234846
0.385413
0.515093
0.130968
0.592593
0.463166
0.623893
0.453657
0.494441
0.737998
0.462087
0.792161
0.546844
0.3944
0.35462
0.490456
0.430485
0.54709
0.384681
0.507692
0.646787
0.246491
0.518975
0.255404
0.418558
0.363762
0.125778
0.101901
0.252213
0.249691
0.384506
0.436722
0.487903
0.609358
0.418157
0.208488
0.244482
0.15276
0.692428
0.491382
0.739973
0.777552
0.70274
0.719746
0.644685
0.714424
0.0783228
0.580611
0.642448
0.554047
0.494555
0.666175
0.219665
0.211694
0.628402
0.659152
0.432847
0.193254
0.564997
0.465745
0.801903
0.505285
0.558258
0.576149
0.745712
0.47044
0.260086
0.761605
0.692409
0.528583
0.614414
0.47457
0.644745
0.708162
0.0934066
0.708072
0.48173
0.315042
0.553218
0.303954
0.318039
0.224898
0.082864
0.351907
0.339267
0.483193
0.604384
0.205128
0.400646
0.142627
0.365684
0.357969
0.486217
0.60738
0.199241
0.704991
0.549844
0.256459
0.059433
0.456553
0.446742
0.393675
0.41699
0.497264
0.446906
0.351368
0.429833
0.564688
0.14611
0.220459
0.463589
0.563254
0.21867
0.531724
0.448564
0.409581
0.102207
0.455856
0.23154
0.529349
0.473684
0.48481
0.388112
0.238309
0.345829
0.785312
0.631313
0.162393
0.570493
0.146001
0.415731
0.423744
0.285895
0.460713
0.541685
0.473332
0.620572
0.10714
0.409356
0.666545
0.110758
0.400924
0.140892
0.477708
0.550907
0.385802
0.479371
0.505906
0.381138
0.532483
0.673676
0.21314
0.143233
0.742074
0.367666
0.40272
0.177215
0.540896
0.752591
0.375831
0.657959
0.644184
0.649036
0.691231
0.542769
0.393151
0.0874295
0.664256
0.666873
0.586504
0.0591648
0.387467
0.784962
0.396348
0.552253
0.300752
0.60007
0.431149
0.547659
0.651269
0.586151
0.456814
0.617803
0.338816
0.118177
0.38389
0.681927
0.503103
0.496887
0.517618
0.346269
0.377352
0.561755
0.439424
0.606771
0.413173
0.33871
0.460705
0.253248
0.369362
0.286508
0.309883
0.505119
0.22658
0.641412
0.435374
0.436942
0.526953
0.360294
0.543156
0.42302
0.649281
0.531852
0.211968
0.111615
0.432181
0.258339
0.213871
0.520586
0.337973
0.524671
0.0976224
0.120564
0.663386
0.388779
0.0420835
0.290764
0.663648
0.495381
0.490479
0.236814
0.484765
0.335478
0.406612
0.392988
0.243449
0.427152
0.206651
0.509374
0.288589
0.270278
0.263825
0.538479
0.486428
0.682566
0.502812
0.604275
0.464944
0.105344
0.553266
0.251905
0.384365
0.705234
0.382205
0.373182
0.287879
0.316639
0.247776
0.560185
0.481293
0.400828
0.621354
0.415365
0.198381
0.287213
0.206052
0.329461
0.416319
0.237245
0.13116
0.475616
0.359749
0.27433
0.601233
0.498008
0.218626
0.642954
0.573089
0.575154
0.469519
0.299984
0.590613
0.501548
0.234398
0.363092
0.375294
0.110205
0.503396
0.461886
0.270603
0.369925
0.650984
0.449405
0.326133
0.496403
0.613859
0.536333
0.774824
0.41247
0.302271
0.349166
0.543977
0.0492987
0.074155
0.0820208
0.434279
0.229396
0.569067
0.629971
0.485431
0.450795
0.0856903
0.563014
0.274892
0.559874
0.462205
0.323559
0.548663
0.762056
0.489383
0.352955
0.29918
0.504683
0.536959
0.303899
0.459931
0.594498
0.325497
0.322769
0.562596
0.555385
0.592827
0.461329
0.441151
0.655857
0.0659808
0.587835
0.0660665
0.562814
0.164103
0.433604
0.405915
0.473168
0.692296
0.57066
0.431307
0.130424
0.254879
0.670262
0.543947
0.375169
0.299534
0.343568
0.393015
0.179767
0.431634
0.449922
0.598036
0.192205
0.651647
0.45904
0.300554
0.549803
0.400995
0.246575
0.496732
0.621959
0.574175
0.476701
0.40102
0.539568
0.416786
0.689969
0.291495
0.627276
0.240962
0.266113
0.502589
0.140332
0.59581
0.177085
0.254361
0.400962
0.513561
0.385736
0.440268
0.676692
0.15465
0.584247
0.338372
0.767531
0.379933
0.599683
0.26317
0.491891
0.464149
0.511278
0.512821
0.581051
0.367006
0.610593
0.54359
0.411704
0.59025
0.197559
0.698825
0.176336
0.312663
0.454723
0.741956
0.337309
0.274442
0.474273
0.564516
0.487936
0.409357
0.251143
0.474744
0.189405
0.567013
0.587544
0.203027
0.425857
0.718334
0.37287
0.575552
0.256271
0.696974
0.390492
0.478654
0.373442
0.107461
0.451873
0.117275
0.0668341
0.662495
0.786855
0.15022
0.138369
0.624584
0.328337
0.861187
0.354167
0.424057
0.590489
0.545588
0.397833
0.607547
0.166903
0.561336
0.395022
0.240127
0.549465
0.395913
0.214917
0.591867
0.534261
0.487963
0.483247
0.639365
0.503756
0.593727
0.6364
0.401322
0.357937
0.689829
0.237691
0.439899
0.581769
0.287847
0.576934
0.441415
0.610824
0.469621
0.0544146
0.69896
0.234336
0.129838
0.505991
0.607528
0.760659
0.415107
0.369447
0.159608
0.401464
0.641129
0.28634
0.313477
0.307148
0.367208
0.164622
0.381804
0.160453
0.427327
0.639762
0.0981197
0.605211
0.440985
0.234376
0.614514
0.492602
0.209801
0.248703
0.326636
0.598684
0.696951
0.676543
0.0982957
0.433801
0.372482
0.292091
0.346736
0.0464073
0.522168
0.425714
0.230973
0.447049
0.390713
0.739412
0.526346
0.271342
0.249896
0.721023
0.529957
0.503866
0.710075
0.551151
0.709381
0.321723
0.0674487
0.448393
0.480639
0.554542
0.294175
0.873226
0.522922
0.746958
0.0490679
0.49657
0.532719
0.320861
0.340344
0.455783
0.415142
0.513699
0.162072
0.551378
0.327172
0.395514
0.194792
0.60628
0.598086
0.680464
0.355031
0.101272
0.622195
0.350232
0.606757
0.381268
0.28978
0.18871
0.370187
0.468264
0.475513
0.468218
0.225395
0.5066
0.468451
0.478873
0.492816
0.514082
0.442423
0.162007
0.403454
0.386408
0.588018
0.253671
0.301166
0.474303
0.465244
0.466321
0.511413
0.445312
0.387547
0.673684
0.0885081
0.5336
0.506943
0.392982
0.371261
0.427086
0.369846
0.636131
0.739979
0.489047
0.5
0.257368
0.676103
0.227666
0.485105
0.304159
0.0582524
0.520548
0.194073
0.0794512
0.483808
0.318987
0.65727
0.181818
0.589744
0.590777
0.367361
0.163869
0.525492
0.491656
0.338968
0.345801
0.553666
0.559738
0.468035
0.200893
0.419238
0.184123
0.234677
0.203136
0.336236
0.0931034
0.424593
0.674946
0.430147
0.714052
0.629243
0.271935
0.179492
0.566451
0.496226
0.0692919
0.300343
0.0970513
0.495204
0.276168
0.527687
0.350402
0.30152
0.56378
0.40528
0.359952
0.541332
0.507099
0.77381
0.246641
0.11031
0.267904
0.300695
0.254974
0.580931
0.823391
0.451722
0.640715
0.528225
0.380916
0.20447
0.508531
0.256364
0.345745
0.677091
0.227476
0.672175
0.373522
0.653515
0.254459
0.11484
0.59703
0.337256
0.286377
0.102277
0.449571
0.611988
0.414634
0.402375
0.660098
0.166889
0.406159
0.594152
0.362083
0.619475
0.35768
0.366001
0.45576
0.505185
0.438857
0.435299
0.24693
0.596285
0.294224
0.502941
0.146571
0.293709
0.382857
0.394265
0.247486
0.476867
0.57133
0.379933
0.463502
0.175962
0.486745
0.467668
0.0950668
0.112887
0.348718
0.355061
0.298861
0.406118
0.595648
0.176858
0.627412
0.882742
0.259765
0.519745
0.155172
0.226668
0.390013
0.442431
0.546945
0.35436
0.522802
0.262779
0.456908
0.728785
0.458943
0.443377
0.429841
0.254281
0.279365
0.0657422
0.257679
0.2701
0.625718
0.462463
0.738235
0.365634
0.237054
0.530801
0.13993
0.275988
0.0812988
0.410345
0.36532
0.234378
0.72873
0.423486
0.177087
0.251755
0.369778
0.337469
0.183994
0.0972818
0.567424
0.254913
0.540066
0.457766
0.459122
0.193383
0.269972
0.105455
0.525568
0.546403
0.213259
0.417647
0.519165
0.332908
0.314787
0.327895
0.106736
0.253072
0.307692
0.0714286
0.406452
0.612732
0.0814408
0.218559
0.183649
0.139922
0.276068
0.490909
0.232143
0.273153
0.416667
