0.408439
0.181327
0.462676
0.148904
0.419221
0.0785625
0.48244
0.351922
0.267194
0.454047
0.466441
0.432749
0.58958
0.312887
0.275331
0.507662
0.464406
0.472204
0.658336
0.459105
0.305943
0.279009
0.331546
0.41092
0.358354
0.467071
0.620381
0.543541
0.208308
0.540499
0.299324
0.362649
0.480039
0.591397
0.538012
0.512727
0.653586
0.411209
0.404587
0.362713
0.396821
0.423616
0.830949
0.319608
0.396729
0.424206
0.475858
0.4574
0.44171
0.42235
0.432602
0.493367
0.557736
0.394471
0.518217
0.391652
0.450627
0.231627
0.353322
0.494935
0.512619
0.539346
0.605208
0.543351
0.346529
0.223117
0.467765
0.228421
0.448052
0.258949
0.55203
0.39022
0.25226
0.162845
0.268033
0.454552
0.0466441
0.43215
0.172834
0.388308
0.0977674
0.34661
0.418719
0.145711
0.25361
0.470469
0.396416
0.35365
0.484648
0.590434
0.0341079
0.466432
0.270873
0.354066
0.515454
0.0670062
0.355822
0.488431
0.467558
0.450986
0.590625
0.477882
0.590153
0.171538
0.512316
0.326087
0.556602
0.540242
0.384953
0.291476
0.405818
0.359605
0.47642
0.488534
0.264382
0.261783
0.422262
0.0145226
0.313953
0.473027
0.314467
0.361399
0.580432
0.670996
0.447663
0.466525
0.457755
0.20623
0.454211
0.356877
0.408618
0.422914
0.295154
0.187651
0.439127
0.117717
0.527749
0.480702
0.500098
0.454409
0.600744
0.46823
0.292529
0.526316
0.561026
0.186138
0.436284
0.36818
0.401023
0.417695
0.250664
0.452504
0.393782
0.33138
0.288817
0.49923
0.339788
0.739823
0.25717
0.719842
0.485181
0.65
0.411111
0.432586
0.627363
0.418045
0.526128
0.415279
0.291794
0.578704
0.377644
0.495048
0.490414
0.527147
0.412991
0.473942
0.507906
0.503553
0.597018
0.545455
0.461402
0.488564
0.644221
0.596315
0.391631
0.470122
0.456653
0.255108
0.506176
0.405317
0.680368
0.411704
0.556265
0.207287
0.407714
0.492301
0.408228
0.439097
0.458204
0.374829
0.38636
0.328678
0.445774
0.52337
0.516708
0.691468
0.608322
0.351909
0.217209
0.512315
0.570243
0.36223
0.359179
0.317002
0.494552
0.576226
0.644196
0.681733
0.365277
0.384181
0.262913
0.457398
0.335297
0.406278
0.557648
0.338758
0.213796
0.145474
0.50982
0.13614
0.497034
0.353187
0.59015
0.268674
0.405045
0.321082
0.494537
0.30927
0.55648
0.632668
0.476344
0.409326
0.20632
0.369939
0.0557216
0.471107
0.5231
0.48913
0.308572
0.133415
0.571052
0.38705
0.35403
0.315698
0.425124
0.46474
0.35932
0.307411
0.342968
0.434171
0.333716
0.442839
0.106043
0.57599
0.573772
0.443636
0.537202
0.358154
0.506288
0.40056
0.488869
0.553918
0.493652
0.613985
0.478146
0.524239
0.50537
0.406306
0.507186
0.597592
0.50222
0.444713
0.380967
0.493066
0.495617
0.48125
0.471313
0.471514
0.529676
0.528409
0.393597
0.403683
0.510753
0.361031
0.551241
0.461516
0.438599
0.588765
0.422932
0.553836
0.538728
0.481654
0.54621
0.51241
0.48709
0.354793
0.507008
0.496078
0.417341
0.53814
0.418023
0.224465
0.567604
0.20842
0.243284
0.489664
0.261088
0.535435
0.323071
0.491772
0.409228
0.539683
0.48567
0.420359
0.511999
0.399274
0.22932
0.364762
0.397173
0.493442
0.480029
0.656511
0.246804
0.42832
0.324786
0.420956
0.535354
0.526859
0.438503
0.268883
0.236549
0.442391
0.505509
0.527586
0.382169
0.624521
0.469225
0.549992
0.31966
0.463812
0.232825
0.218571
0.0605387
0.28893
0.0714928
0.522771
0.23375
0.38908
0.509153
0.446723
0.567295
0.344502
0.621227
0.329664
0.565904
0.166507
0.376101
0.376582
0.488421
0.482608
0.542765
0.379718
0.0761924
0.204184
0.470936
0.539992
0.542417
0.519093
0.150391
0.0335826
0.551687
0.502622
0.563699
0.561493
0.570384
0.480262
0.322599
0.596253
0.478663
0.566243
0.606796
0.536108
0.458193
0.347504
0.465505
0.212031
0.43258
0.622013
0.792282
0.405848
0.612456
0.481533
0.564972
0.594869
0.518277
0.588041
0.410234
0.389474
0.722714
0.417675
0.557782
0.451592
0.244675
0.56053
0.471589
0.580888
0.301515
0.541666
0.669044
0.484472
0.283835
0.376753
0.630497
0.485677
0.315866
0.539939
0.533912
0.572917
0.521357
0.59913
0.545225
0.412511
0.633772
0.402927
0.459588
0.270221
0.442587
0.262965
0.198798
0.117444
0.0399734
0.576971
0.309948
0.358515
0.519099
0.205042
0.20948
0.554284
0.543649
0.307772
0.252292
0.528584
0.297619
0.592997
0.197175
0.480716
0.727491
0.354693
0.544125
0.513152
0.690634
0.487218
0.426831
0.483135
0.569365
0.481003
0.671261
0.515739
0.141848
0.480929
0.18331
0.548128
0.536042
0.324375
0.647796
0.430345
0.644368
0.530964
0.496118
0.546412
0.526257
0.520999
0.420671
0.572267
0.662814
0.452764
0.619273
0.243728
0.665142
0.468482
0.611309
0.420932
0.584024
0.527808
0.496807
0.653761
0.423466
0.483203
0.569923
0.218794
0.589398
0.465825
0.542481
0.482158
0.534294
0.419522
0.26506
0.495958
0.427806
0.545198
0.369812
0.376316
0.581945
0.53244
0.579388
0.574774
0.558816
0.484497
0.526991
0.471767
0.649561
0.383621
0.626393
0.463458
0.318792
0.399502
0.608967
0.555353
0.205977
0.803828
0.576894
0.468636
0.379034
0.368731
0.562712
0.469818
0.501841
0.558289
0.553212
0.537794
0.522374
0.441204
0.21621
0.258919
0.621603
0.138688
0.436508
0.459776
0.541363
0.163342
0.521968
0.510141
0.402569
0.401084
0.500614
0.581877
0.515534
0.462659
0.556276
0.511536
0.270968
0.354763
0.52436
0.416508
0.220425
0.439657
0.51173
0.399599
0.553677
0.627014
0.539022
0.539411
0.548993
0.346899
0.483299
0.502694
0.497262
0.500508
0.555923
0.479354
0.282009
0.449748
0.55695
0.834171
0.57255
0.498694
0.588092
0.662304
0.422781
0.629674
0.284983
0.687011
0.601969
0.548644
0.598181
0.371147
0.540492
0.539675
0.555234
0.611099
0.535385
0.616492
0.554167
0.428674
0.411243
0.584516
0.448452
0.280995
0.534701
0.520434
0.724612
0.484495
0.575669
0.620619
0.615671
0.631005
0.662442
0.241092
0.547315
0.550597
0.635238
0.712424
0.177835
0.467444
0.52081
0.625137
0.548336
0.415494
0.553493
0.612981
0.704026
0.54386
0.439945
0.541901
0.621552
0.54057
0.478183
0.614286
0.477363
0.586857
0.264888
0.728482
0.526573
0.349312
0.513877
0.638021
0.553885
0.244085
0.430418
0.571331
0.254854
0.408059
0.389325
0.0857691
0.55
0.529064
0.497467
0.356364
0.446601
0.354639
0.609195
0.657877
0.471111
0.648148
0.297796
0.567262
0.530375
0.409756
0.580084
0.530899
0.285474
0.537168
0.438846
0.167204
0.605599
0.459414
0.617143
0.44624
0.484421
0.540203
0.512138
0.326163
0.423051
0.577932
0.513843
0.535714
0.476401
0.659608
0.527845
0.592242
0.587056
0.536364
0.321427
0.548038
0.334461
0.401794
0.24901
0.609335
0.487182
0.370253
0.569349
0.31965
0.54528
0.439863
0.406501
0.54742
0.438378
0.538182
0.538095
0.512277
0.520609
0.453831
0.497432
0.318499
0.622959
0.383385
0.337193
0.767907
0.601885
0.327885
0.519503
0.446004
0.238244
0.30436
0.525828
0.46661
0.58615
0.526203
0.583069
0.584502
0.544947
0.528912
0.368655
0.456043
0.303236
0.210508
0.776436
0.405655
0.319941
0.399731
0.480643
0.412338
0.21722
0.398973
0.468245
0.578628
0.418472
0.558839
0.370852
0.73277
0.464135
0.325916
0.451029
0.445567
0.624202
0.486766
0.601954
0.417102
0.392101
0.402056
0.519495
0.362915
0.371602
0.583333
0.449774
0.569758
0.456315
0.31755
0.459516
0.385601
0.505906
0.341459
0.467897
0.460157
0.622004
0.53539
0.545009
0.5629
0.516408
0.432819
0.0765515
0.425935
0.571026
0.355263
0.442688
0.390623
0.491485
0.646601
0.488228
0.481648
0.545113
0.393188
0.515714
0.409076
0.388116
0.368949
0.609418
0.192391
0.649565
0.367067
0.326512
0.692839
0.386129
0.354103
0.402258
0.215775
0.367904
0.215402
0.561028
0.497487
0.432687
0.529354
0.513602
0.501152
0.507389
0.57064
0.602868
0.504608
0.275689
0.423845
0.407329
0.438418
0.354434
0.28809
0.518054
0.329908
0.516893
0.57499
0.573909
0.583723
0.530179
0.574917
0.448273
0.484828
0.514739
0.583099
0.480763
0.215622
0.345985
0.282364
0.411917
0.579447
0.253316
0.386611
0.598541
0.306617
0.336736
0.517891
0.510856
0.506165
0.510975
0.431861
0.38141
0.509852
0.276978
0.497111
0.44528
0.515487
0.223317
0.154321
0.47814
0.497669
0.567589
0.340107
0.433325
0.427288
0.395204
0.533971
0.56682
0.259442
0.265241
0.495849
0.407228
0.560318
0.464901
0.541707
0.175266
0.521212
0.233808
0.44245
0.555886
0.474368
0.487329
0.220927
0.419252
0.424816
0.435777
0.449578
0.490698
0.553568
0.423462
0.620321
0.446173
0.376632
0.461594
0.422982
0.470146
0.614384
0.428033
0.302788
0.447773
0.106208
0.415084
0.602463
0.520231
0.467321
0.566229
0.479769
0.504409
0.516989
0.514477
0.610581
0.415435
0.412531
0.256744
0.460898
0.681947
0.477587
0.329114
0.486995
0.561929
0.427049
0.377398
0.302477
0.457419
0.303455
0.429243
0.17006
0.442863
0.423859
0.284591
0.245726
0.543158
0.419002
0.482932
0.332145
0.158301
0.246753
0.505633
0.465952
0.424807
0.548137
0.295961
0.355135
0.396644
0.385607
0.651916
0.523067
0.506188
0.223214
0.455207
0.619168
0.374986
0.435084
0.377717
0.501152
0.457709
0.452655
0.462202
0.385552
0.0998225
0.535059
0.399628
0.423913
0.469173
0.578586
0.561033
0.387957
0.570686
0.43753
0.61
0.479001
0.504488
0.248848
0.745172
0.459895
0.310938
0.591848
0.477928
0.48707
0.427626
0.316624
0.379787
0.416667
0.655719
0.41063
0.42449
0.202894
0.387879
0.41362
0.416423
0.666049
0.495348
0.598795
0.323325
0.237283
0.458638
0.513355
0.442688
0.366472
0.376883
0.48644
0.256977
0.592545
0.443155
0.366347
0.508021
0.370009
0.477118
0.532418
0.539005
0.506423
0.563748
0.646075
0.366732
0.441621
0.525426
0.434343
0.505003
0.212742
0.482654
0.495781
0.392148
0.296825
0.398713
0.461006
0.393241
0.315212
0.50305
0.400691
0.653678
0.387028
0.257923
0.371423
0.233601
0.348974
0.486718
0.529687
0.333557
0.500677
0.585324
0.426754
0.269314
0.568283
0.373057
0.457976
0.555537
0.315411
0.478094
0.419289
0.450891
0.26963
0.223945
0.455932
0.327189
0.467794
0.356306
0.531582
0.53973
0.573278
0.417059
0.24932
0.316734
0.437552
0.229433
0.623538
0.530065
0.534852
0.622161
0.395062
0.452734
0.555124
0.485055
0.554753
0.465185
0.567981
0.584449
0.52093
0.517636
0.352358
0.643275
0.376582
0.529942
0.382083
0.377432
0.462321
0.413663
0.222798
0.46228
0.40113
0.457843
0.483375
0.404853
0.348408
0.317367
0.343136
0.63352
0.506401
0.304852
0.157334
0.319945
0.677048
0.437643
0.441835
0.435779
0.428227
0.164504
0.616126
0.407585
0.487016
0.353551
0.25886
0.41931
0.410151
0.459184
0.407738
0.44292
0.263729
0.526037
0.216833
0.477917
0.482157
0.410448
0.608918
0.405569
0.425118
0.543838
0.59893
0.380598
0.122374
0.446686
0.411174
0.311864
0.23279
0.45354
0.435407
0.495812
0.299909
0.419732
0.52854
0.457686
0.517582
0.549813
0.384301
0.396467
0.242424
0.475685
0.4301
0.491414
0.385752
0.57478
0.524405
0.490524
0.419786
0.513525
0.293815
0.26601
0.449239
0.420627
0.541761
0.441216
0.58372
0.463821
0.51447
0.569027
0.411514
0.485173
0.413534
0.510413
0.299311
0.521977
0.418916
0.459824
0.404313
0.195849
0.368975
0.450261
0.277269
0.218447
0.411973
0.413006
0.339838
0.624292
0.434583
0.391969
0.465029
0.207962
0.327381
0.372566
0.513471
0.366326
0.432763
0.379965
0.32026
0.467254
0.451435
0.401444
0.127273
0.496012
0.450458
0.399787
0.757987
0.403528
0.448253
0.425376
0.540351
0.434844
0.429307
0.585518
0.48476
0.43247
0.400273
0.323308
0.299798
0.433304
0.6319
0.331832
0.369713
0.484369
0.350739
0.438692
0.435888
0.377273
0.189038
0.495151
0.519608
0.389272
0.454031
0.46281
0.365573
0.56113
0.75249
0.573898
0.417093
0.472147
0.439337
0.453089
0.376495
0.333506
0.418659
0.230005
0.490189
0.448791
0.279974
0.463231
0.407733
0.545342
0.41341
0.401447
0.383529
0.505579
0.221952
0.527689
0.462751
0.633848
0.427345
0.577625
0.378244
0.442073
0.208867
0.225357
0.373223
0.333823
0.521756
0.498093
0.278167
0.518686
0.440285
0.486111
0.466769
0.459482
0.576713
0.47276
0.558046
0.366567
0.416784
0.530969
0.535501
0.42618
0.511132
0.444952
0.566602
0.40962
0.219522
0.27352
0.10144
0.595613
0.334918
0.454827
0.48201
0.505653
0.543821
0.508486
0.36731
0.14304
0.339594
0.536976
0.405959
0.392453
0.566334
0.408333
0.377924
0.245085
0.39725
0.406501
0.447267
0.474747
0.479731
0.527165
0.508829
0.540718
0.421071
0.352576
0.304581
0.286567
0.36765
0.60049
0.326309
0.578871
0.342519
0.523141
0.507122
0.602061
0.212946
0.378472
0.315523
0.469054
0.575116
0.353685
0.247563
0.416695
0.503167
0.391496
0.202186
0.571316
0.385057
0.504169
0.517698
0.445439
0.470141
0.519189
0.581992
0.403955
0.26498
0.609574
0.430206
0.483089
0.378909
0.439691
0.411981
0.540254
0.455293
0.44235
0.524373
0.509887
0.550013
0.364734
0.525033
0.512025
0.356598
0.277434
0.585217
0.505109
0.239341
0.486829
0.181435
0.372881
0.591502
0.36678
0.578373
0.338365
0.160075
0.43123
0.183753
0.58797
0.529626
0.365004
0.169697
0.51266
0.71898
0.520473
0.59064
0.430741
0.548886
0.445253
0.448881
0.489677
0.612469
0.470899
0.538146
0.458004
0.49616
0.519215
0.259631
0.647814
0.48472
0.377185
0.491559
0.366071
0.483654
0.45195
0.492669
0.562987
0.452552
0.373195
0.491113
0.464901
0.589981
0.615975
0.328762
0.339576
0.350968
0.399521
0.41421
0.454321
0.355932
0.234695
0.503028
0.604412
0.683695
0.519099
0.478283
0.394481
0.463666
0.287209
0.438387
0.573946
0.471562
0.414513
0.551724
0.5506
0.276714
0.422725
0.499837
0.216866
0.351141
0.573234
0.563688
0.690793
0.389411
0.371565
0.411119
0.257132
0.447559
0.564869
0.574087
0.554547
0.424877
0.516596
0.375179
0.457931
0.263986
0.524532
0.42951
0.263716
0.420471
0.238889
0.36512
0.595959
0.517544
0.410194
0.494726
0.709129
0.504691
0.614141
0.562449
0.619421
0.408132
0.583531
0.409791
0.134873
0.475593
0.454858
0.499859
0.232595
0.515436
0.362902
0.51133
0.448211
0.294258
0.355847
0.724043
0.396278
0.792304
0.299815
0.611512
0.528497
0.549617
0.457269
0.278356
0.320175
0.473095
0.480087
0.533345
0.455012
0.444482
0.370068
0.354957
0.425673
0.639324
0.581836
0.371131
0.457235
0.497991
0.172751
0.558946
0.232704
0.392018
0.650879
0.332631
0.324324
0.448714
0.519786
0.425257
0.451829
0.529342
0.480495
0.570809
0.478037
0.636885
0.409069
0.296171
0.368476
0.535165
0.60467
0.584334
0.432099
0.489521
0.356821
0.544176
0.334038
0.566327
0.384977
0.398354
0.463067
0.610168
0.479739
0.600078
0.558455
0.363647
0.202926
0.616858
0.465848
0.372242
0.515217
0.381734
0.591608
0.414514
0.516023
0.365015
0.417702
0.407207
0.589713
0.342484
0.349696
0.297751
0.499524
0.453895
0.520235
0.423138
0.435674
0.216255
0.480459
0.539889
0.43126
0.317294
0.535985
0.420092
0.403327
0.703566
0.409155
0.471971
0.304545
0.414742
0.168298
0.261869
0.746286
0.494395
0.391158
0.36051
0.357501
0.547596
0.505447
0.407605
