0.411007
0.639908
0.450582
0.594997
0.525002
0.660202
0.534376
0.750691
0.631693
0.229754
0.543968
0.599928
0.581502
0.146797
0.692184
0.686881
0.595139
0.665625
0.485246
0.478952
0.485789
0.662556
0.393659
0.544469
0.504951
0.322156
0.490012
0.274666
0.0840998
0.622073
0.403481
0.370545
0.485934
0.633557
0.278516
0.604975
0.690273
0.674262
0.430597
0.485436
0.0733026
0.66379
0.174096
0.462773
0.41135
0.340595
0.718681
0.73334
0.400199
0.414089
0.610163
0.19121
0.617676
0.527121
0.648727
0.757886
0.669665
0.508037
0.446485
0.732971
0.221505
0.225403
0.22976
0.324786
0.59017
0.549055
0.625398
0.64077
0.328249
0.593846
0.111702
0.207792
0.425228
0.64393
0.642594
0.605217
0.593239
0.502232
0.646722
0.540335
0.602631
0.551177
0.715237
0.524784
0.536197
0.610394
0.699075
0.634429
0.130568
0.297736
0.230052
0.198102
0.576241
0.200263
0.501559
0.485507
0.357143
0.695989
0.812966
0.0920007
0.149282
0.141806
0.393188
0.319105
0.357168
0.411724
0.672436
0.62495
0.23068
0.535674
0.733929
0.473856
0.711463
0.0599727
0.335028
0.512761
0.563119
0.565352
0.559031
0.422988
0.179325
0.490891
0.657903
0.509269
0.471402
0.542714
0.613592
0.181513
0.606037
0.641667
0.708861
0.384894
0.584804
0.598108
0.621831
0.671238
0.483673
0.0811873
0.405455
0.557396
0.0543149
0.189868
0.39114
0.12885
0.661865
0.232727
0.556234
0.219572
0.32381
0.683238
0.519097
0.631453
0.554696
0.221654
0.388422
0.35628
0.587799
0.293127
0.542265
0.498159
0.489514
0.125661
0.432836
0.619412
0.275116
0.383963
0.499469
0.0535033
0.492553
0.29652
0.372044
0.656765
0.646824
0.491231
0.428506
0.603785
0.288366
0.697464
0.67866
0.432777
0.307457
0.528229
0.30143
0.388046
0.539866
0.598773
0.532889
0.601881
0.269623
0.39061
0.496072
0.0343711
0.603666
0.231435
0.333095
0.397887
0.398484
0.343103
0.434839
0.67013
0.698523
0.669807
0.798574
0.401602
0.539129
0.633063
0.674171
0.687712
0.387218
0.527976
0.42497
0.488889
0.509564
0.601664
0.212199
0.0892857
0.52916
0.328738
0.273913
0.389554
0.815666
0.655648
0.459855
0.612245
0.132361
0.684895
0.227145
0.454376
0.676808
0.519517
0.590151
0.410857
0.612846
0.61986
0.256684
0.440848
0.0801657
0.0643315
0.180467
0.620838
0.0702882
0.118137
0.487118
0.305037
0.57489
0.655982
0.234215
0.705801
0.191653
0.415147
0.16092
0.166465
0.540615
0.686221
0.457066
0.4437
0.724004
0.294976
0.496513
0.543364
0.590676
0.242157
0.134028
0.488713
0.677878
0.247127
0.329948
0.288925
0.624538
0.57426
0.519675
0.435143
0.633835
0.422153
0.587939
0.383743
0.487026
0.645698
0.134483
0.50518
0.333059
0.632715
0.0844368
0.619069
0.35923
0.671765
0.241139
0.393335
0.44556
0.404681
0.340172
0.284686
0.445688
0.703943
0.457155
0.340668
0.538797
0.727548
0.179825
0.114035
0.604474
0.48754
0.763385
0.513619
0.583074
0.710498
0.40384
0.536805
0.344828
0.398708
0.664033
0.222309
0.379076
0.566123
0.669091
0.607453
0.287421
0.614971
0.596685
0.747775
0.561497
0.625151
0.398311
0.367653
0.362158
0.0604289
0.491374
0.621391
0.638144
0.217778
0.478884
0.641825
0.250319
0.471992
0.208052
0.588782
0.658657
0.370784
0.256034
0.450556
0.669872
0.107686
0.522007
0.0559428
0.48758
0.436179
0.241276
0.565022
0.21164
0.396891
0.677518
0.625696
0.232695
0.478156
0.0531194
0.451724
0.435723
0.336
0.472076
0.269055
0.353312
0.568174
0.581468
0.575987
0.282657
0.485107
0.58035
0.42753
0.616886
0.428736
0.633175
0.272058
0.638219
0.472776
0.461604
0.435425
0.412238
0.613333
0.348613
0.696637
0.0825826
0.576551
0.297735
0.563907
0.760177
0.711951
0.486275
0.546772
0.310209
0.605459
0.0507744
0.322778
0.647269
0.646013
0.299254
0.729316
0.557297
0.595095
0.133203
0.626912
0.146591
0.638207
0.614625
0.551587
0.332767
0.628294
0.747458
0.58539
0.535102
0.452632
0.582761
0.328622
0.677536
0.559809
0.303812
0.490269
0.343431
0.607857
0.548977
0.652708
0.172932
0.63236
0.222541
0.637473
0.676042
0.328485
0.567571
0.571514
0.522937
0.511111
0.646196
0.541469
0.508458
0.114015
0.445203
0.702542
0.705155
0.778472
0.451174
0.755203
0.650442
0.5058
0.595913
0.707722
0.328089
0.662978
0.673171
0.432471
0.424966
0.593651
0.305178
0.507328
0.273729
0.382298
0.282373
0.500789
0.602564
0.393252
0.19036
0.71735
0.444117
0.673066
0.585568
0.518519
0.635187
0.58375
0.647236
0.566085
0.576007
0.365981
0.526316
0.282567
0.692044
0.583785
0.676265
0.402964
0.462098
0.656118
0.509246
0.436418
0.38066
0.429731
0.498708
0.762616
0.397294
0.406266
0.439331
0.523414
0.736156
0.501642
0.362852
0.450658
0.196122
0.619554
0.540913
0.675782
0.609521
0.51466
0.280311
0.451289
0.762311
0.0962368
0.259265
0.636726
0.382675
0.322677
0.33591
0.593728
0.417313
0.348043
0.0648934
0.327385
0.0368906
0.629147
0.183331
0.671547
0.63362
0.364908
0.598172
0.506823
0.63123
0.441312
0.71908
0.385296
0.236738
0.673449
0.0835946
0.515269
0.495012
0.699819
0.590665
0.0944157
0.623118
0.363028
0.571971
0.0706771
0.381539
0.69211
0.621815
0.605311
0.741517
0.452273
0.386179
0.426797
0.360158
0.547634
0.623972
0.168213
0.691813
0.710797
0.574899
0.38242
0.287833
0.118848
0.433329
0.164504
0.222807
0.0691244
0.607306
0.0638003
0.572477
0.605756
0.286016
0.612288
0.435889
0.601942
0.195268
0.396296
0.569514
0.679039
0.374101
0.514384
0.406514
0.638023
0.13
0.59477
0.569643
0.564207
0.404238
0.461942
0.696078
0.566429
0.450692
0.219244
0.507125
0.0799447
0.662563
0.338542
0.0774233
0.58206
0.0603315
0.56251
0.403435
0.26681
0.607949
0.492746
0.619754
0.572468
0.33299
0.2081
0.204346
0.564842
0.702381
0.63964
0.578824
0.625211
0.195548
0.582612
0.625716
0.592406
0.613479
0.255199
0.736498
0.526141
0.605769
0.674352
0.390037
0.571919
0.332834
0.521336
0.250846
0.659174
0.48341
0.192269
0.499216
0.532852
0.627527
0.176931
0.711333
0.197416
0.64479
0.640898
0.376575
0.281149
0.137427
0.163993
0.295818
0.364131
0.593362
0.444212
0.465608
0.395166
0.599871
0.13292
0.222727
0.671942
0.280864
0.376759
0.740362
0.584616
0.587958
0.610614
0.268382
0.267892
0.416541
0.631516
0.570438
0.278398
0.587897
0.596555
0.170628
0.413502
0.651199
0.62727
0.623939
0.581633
0.577818
0.189514
0.503813
0.424352
0.865891
0.674202
0.0356367
0.59465
0.44227
0.224949
0.636709
0.460714
0.639706
0.0619041
0.315807
0.608818
0.0902285
0.350182
0.501126
0.535524
0.442754
0.524823
0.610561
0.682106
0.572528
0.546962
0.0988836
0.504519
0.52952
0.535748
0.491597
0.40861
0.13848
0.525822
0.265101
0.699067
0.512531
0.299592
0.537423
0.536937
0.0414414
0.575014
0.0892628
0.513502
0.106267
0.10585
0.629434
0.530888
0.100171
0.499784
0.287192
0.607843
0.566836
0.17948
0.301894
0.60151
0.702253
0.0952277
0.219695
0.561356
0.665007
0.487348
0.170774
0.591237
0.414552
0.547311
0.348814
0.196663
0.475915
0.743357
0.624762
0.657184
0.357304
0.599182
0.642292
0.639206
0.25951
0.669906
0.47428
0.0973923
0.667645
0.734649
0.578254
0.393828
0.651449
0.522965
0.663354
0.592593
0.569772
0.672845
0.350889
0.580297
0.3967
0.671712
0.343121
0.658065
0.270594
0.502601
0.487458
0.183193
0.561484
0.402174
0.497099
0.26252
0.182399
0.532298
0.455408
0.568127
0.268627
0.521352
0.412393
0.340204
0.344194
0.606398
0.561363
0.410695
0.645767
0.14708
0.595596
0.536674
0.528843
0.306122
0.491183
0.107548
0.578012
0.428852
0.573112
0.579833
0.647778
0.436041
0.65629
0.446189
0.717722
0.540343
0.549223
0.605205
0.459569
0.375
0.72893
0.544718
0.456074
0.566042
0.211428
0.681553
0.574867
0.31133
0.579922
0.491209
0.385901
0.442684
0.42941
0.674528
0.633856
0.427232
0.568013
0.54023
0.556379
0.65815
0.549607
0.663712
0.769005
0.206229
0.527261
0.565029
0.545884
0.617021
0.609436
0.457276
0.624793
0.739961
0.242726
0.529833
0.540806
0.613525
0.624243
0.620676
0.192944
0.751718
0.268474
0.467069
0.122069
0.649776
0.613019
0.632802
0.602564
0.50802
0.453417
0.491147
0.569802
0.635057
0.460907
0.383471
0.521459
0.67087
0.540749
0.604351
0.475
0.0987738
0.585677
0.484488
0.815857
0.60732
0.459104
0.287778
0.349084
0.439863
0.45128
0.510545
0.705917
0.555851
0.245661
0.558818
0.553125
0.635775
0.481941
0.287431
0.544414
0.486404
0.686126
0.495053
0.620161
0.607892
0.57195
0.614951
0.643192
0.579114
0.349206
0.678077
0.565932
0.756971
0.390391
0.58818
0.492048
0.531818
0.20218
0.618416
0.489909
0.646929
0.687944
0.402619
0.165473
0.571288
0.332256
0.70025
0.411996
0.26048
0.329796
0.452108
0.562828
0.333692
0.411565
0.483179
0.298398
0.397177
0.346196
0.523262
0.181159
0.595841
0.626909
0.648501
0.612091
0.443735
0.556711
0.529367
0.136542
0.475343
0.514096
0.741682
0.592706
0.438158
0.637469
0.484788
0.556678
0.506313
0.74691
0.631999
0.643573
0.474366
0.597794
0.572195
0.619674
0.535242
0.347867
0.814342
0.549275
0.712922
0.53615
0.166051
0.65779
0.536273
0.612537
0.462142
0.464833
0.385055
0.623557
0.451407
0.564463
0.154877
0.392733
0.594582
0.602956
0.61298
0.53745
0.648994
0.652827
0.570773
0.382094
0.484554
0.558908
0.550998
0.633143
0.68894
0.608524
0.52572
0.129371
0.483416
0.654211
0.698677
0.425499
0.247264
0.573009
0.448498
0.648968
0.734798
0.479622
0.615336
0.4833
0.324764
0.523359
0.288312
0.541563
0.514322
0.34399
0.739028
0.623358
0.481846
0.644677
0.507504
0.558576
0.51251
0.505994
0.702381
0.423445
0.336891
0.421866
0.2911
0.44778
0.566327
0.48284
0.370297
0.67257
0.479393
0.379971
0.177533
0.137238
0.569492
0.489357
0.350509
0.575051
0.557466
0.418753
0.549386
0.478036
0.283122
0.590988
0.720029
0.475039
0.570601
0.350877
0.600657
0.272701
0.649494
0.596702
0.49178
0.538433
0.585024
0.612043
0.389739
0.69011
0.267283
0.521769
0.650838
0.205903
0.389625
0.311371
0.584926
0.61624
0.578313
0.625531
0.682765
0.525976
0.293521
0.211405
0.430247
0.462578
0.529056
0.393619
0.683053
0.633659
0.50456
0.583702
0.423282
0.449024
0.35616
0.505263
0.626962
0.299299
0.594245
0.372733
0.313131
0.57112
0.495629
0.293818
0.483105
0.470904
0.213007
0.615154
0.574161
0.526786
0.372222
0.552211
0.236636
0.671769
0.477523
0.585853
0.538462
0.486742
0.587103
0.447586
0.201095
0.491633
0.637274
0.687075
0.721941
0.516551
0.58093
0.331916
0.851578
0.684622
0.690682
0.60733
0.469013
0.553206
0.705799
0.470874
0.321647
0.169988
0.455905
0.474946
0.588621
0.615669
0.535206
0.232255
0.504065
0.465798
0.630427
0.610035
0.275391
0.467532
0.573529
0.638453
0.629464
0.465998
0.485581
0.430772
0.42819
0.466966
0.395332
0.512233
0.119462
0.446534
0.582531
0.605726
0.559154
0.543849
0.356162
0.684937
0.714259
0.447302
0.570981
0.300725
0.3017
0.734916
0.388817
0.598072
0.441356
0.76129
0.598297
0.377375
0.449402
0.450736
0.612362
0.125897
0.325308
0.258493
0.476433
0.583041
0.475851
0.654276
0.162291
0.427354
0.51633
0.523995
0.5303
0.124076
0.520628
0.158093
0.480596
0.635935
0.755805
0.4945
0.588768
0.261168
0.586446
0.547131
0.252121
0.641823
0.650844
0.0915658
0.652062
0.496296
0.619614
0.175105
0.288917
0.524381
0.746231
0.588243
0.550917
0.261966
0.47465
0.53931
0.324629
0.304412
0.50687
0.24892
0.645703
0.491052
0.30637
0.559224
0.158378
0.617547
0.502618
0.80336
0.2372
0.54441
0.205798
0.413837
0.688728
0.423528
0.203384
0.607009
0.151896
0.704607
0.166804
0.476415
0.530693
0.487636
0.627802
0.463882
0.465137
0.657469
0.615216
0.505624
0.450305
0.574098
0.257725
0.424122
0.229035
0.498618
0.310202
0.536738
0.589724
0.417244
0.489637
0.0621123
0.517442
0.442947
0.540382
0.432833
0.645486
0.306376
0.634773
0.170847
0.645246
0.414109
0.664654
0.662037
0.567677
0.380879
0.457933
0.798942
0.407552
0.264887
0.706206
0.412393
0.322383
0.527635
0.535488
0.508108
0.171123
0.450871
0.547381
0.5298
0.600406
0.756075
0.190312
0.12491
0.580127
0.501958
0.526399
0.598826
0.695616
0.486667
0.330743
0.292635
0.673913
0.661642
0.569329
0.470556
0.584689
0.482018
0.277226
0.678103
0.528152
0.594799
0.562885
0.502369
0.505697
0.494737
0.347699
0.0554941
0.234484
0.444364
0.138239
0.632655
0.515613
0.623662
0.427098
0.665659
0.424797
0.793238
0.320273
0.449419
0.127119
0.421554
0.473523
0.536691
0.624854
0.361131
0.441056
0.225443
0.230052
0.452748
0.61866
0.649764
0.18463
0.545143
0.83428
0.68409
0.685084
0.51015
0.564894
0.596195
0.371305
0.614655
0.622325
0.612649
0.529067
0.566271
0.213862
0.543296
0.445757
0.266077
0.653753
0.780717
0.689012
0.420884
0.303576
0.479094
0.592966
0.262173
0.489534
0.287632
0.673368
0.764557
0.612863
0.610216
0.41695
0.587121
0.48047
0.425002
0.706996
0.476667
0.455729
0.623438
0.264293
0.528905
0.433232
0.18235
0.261416
0.494796
0.495536
0.206229
0.593703
0.61732
0.556656
0.387013
0.522184
0.348443
0.58005
0.451627
0.635004
0.514369
0.585193
0.502933
0.586738
0.189538
0.273689
0.192935
0.398986
0.648125
0.428757
0.649493
0.420753
0.666315
0.531979
0.480272
0.330378
0.72398
0.604052
0.280682
0.412698
0.546441
0.146139
0.69716
0.261988
0.389787
0.542637
0.49874
0.339893
0.486275
0.449253
0.466315
0.636154
0.539995
0.602848
0.490192
0.58912
0.636806
0.481514
0.378817
0.570106
0.695783
0.566707
0.483815
0.233978
0.36373
0.459163
0.477459
0.382653
0.661942
0.189338
0.43478
0.707071
0.544333
0.470793
0.67474
0.716165
0.575676
0.533894
0.393307
0.520356
0.686785
0.613192
0.649718
0.372253
0.315927
0.660313
0.566455
0.484096
0.412536
0.65858
0.403165
0.0623181
0.275418
0.491228
0.4774
0.617055
0.683208
0.342221
0.167742
0.457969
0.45
0.211674
0.243784
0.494278
0.614101
0.136575
0.583518
0.223478
0.423309
0.608933
0.326397
0.353143
0.458995
0.428095
0.63753
0.527261
0.490341
0.340294
0.712138
0.636401
0.398882
0.544106
0.528337
0.206055
0.661258
0.611451
0.709738
0.55803
0.887516
0.118276
0.6459
0.255932
0.245719
0.574772
0.325103
0.762012
0.490982
0.606568
0.293753
0.640206
0.271788
0.374787
0.142855
0.622132
0.62345
0.562516
0.466824
0.482707
0.413599
0.244144
0.592947
0.591837
0.503429
0.633296
0.407675
0.725035
0.585799
0.689493
0.638186
0.412554
0.638924
0.112759
0.327975
0.59414
0.620653
0.376582
0.654255
0.31786
0.183882
0.513065
0.426901
0.395948
0.600024
0.28298
0.403101
0.486795
0.399769
0.504854
0.204618
0.618479
0.58013
0.418659
0.656354
0.700425
0.733552
0.488027
0.605698
0.133274
0.547641
0.472016
0.606236
0.167159
0.41868
0.429391
0.69804
0.707348
0.538298
0.475672
0.629981
0.626486
0.485407
0.376552
0.343384
0.280127
0.551411
0.508839
0.421564
0.413249
0.547734
0.609818
0.581229
0.406978
0.576858
0.23015
0.425423
0.600316
0.490615
0.568373
0.606985
0.189873
0.554511
0.337435
0.532928
0.587209
0.527077
0.405774
0.518413
0.270328
0.449418
0.510501
0.295418
0.444555
0.360665
0.414208
0.390998
0.376382
0.444666
0.464434
0.595373
0.283852
0.498165
0.132529
0.135181
0.656888
0.342655
0.597565
0.628011
0.258586
0.285508
0.235527
0.611168
0.471297
0.575539
0.482566
0.638915
0.612836
0.515161
0.447414
0.391106
0.492929
0.55727
0.459685
0.427984
0.65489
0.110168
0.153425
0.508563
0.55431
0.549375
0.121888
0.320597
0.575614
0.632969
0.416667
0.578937
0.533662
0.113894
0.208612
0.866751
0.296116
0.633105
0.494512
0.473947
0.298532
0.144271
0.354497
0.435091
0.194582
0.677388
0.27512
0.201852
0.524782
0.508182
0.833333
0.503979
0.312092
0.486944
0.528829
0.423822
0.252847
0.188919
0.121238
0.230397
0.417857
0.166906
0.432359
0.550948
0.255192
0.178082
0.51266
0.210203
0.278453
0.24148
0.529792
0.439851
0.5759
0.769163
0.687947
0.606173
0.175387
0.548522
0.22823
0.552477
0.334057
0.481763
0.468845
0.583783
0.501361
0.510279
0.442825
0.148993
0.498195
0.197172
0.648247
0.324209
0.450304
0.356997
0.515751
0.494832
0.149798
0.464431
0.204866
0.60669
0.80513
0.659847
0.331886
0.317276
0.188605
0.581839
0.0725344
0.20174
0.510373
0.112639
0.555851
0.534419
0.29517
0.55024
0.158462
0.731388
0.359831
0.415962
0.623257
0.473475
0.346634
0.243965
0.562062
0.207117
0.0938019
0.265591
0.0764402
0.363786
0.295139
0.59878
0.616977
0.528761
0.600047
0.565754
0.634677
0.55432
0.0986608
0.130377
0.533724
0.137526
0.391711
0.466563
0.563206
0.490716
0.366356
0.0398866
0.508807
0.158065
0.500941
0.183014
0.381311
0.643925
0.191399
0.251056
0.306417
0.0617893
0.112965
0.49
0.310428
0.093308
0.729869
0.208708
0.297145
0.467414
0.326416
0.45508
0.312805
0.443715
0.63723
0.441253
0.101159
0.1544
0.0982742
0.457891
0.39515
0.56099
0.361345
0.448755
0.52292
0.631336
0.566684
0.404315
0.533483
0.0983517
0.405657
0.146368
0.613634
0.46348
0.476525
0.172529
0.368146
0.550725
0.205216
0.692536
0.445205
0.149632
0.0395592
0.45232
0.578926
0.0970364
0.1209
0.195829
0.525409
0.20942
0.450743
0.639865
0.480675
0.601648
0.567434
0.127496
0.0627854
0.640831
0.584232
0.544442
0.22017
0.159785
0.280526
0.140776
0.143031
0.444304
0.723049
0.301019
0.466582
0.395714
0.221155
0.374791
0.660066
0.0498334
0.36354
0.182551
0.405201
0.0724971
0.400535
0.2092
0.179778
0.588689
0.103073
0.357047
0.284805
0.239201
0.458621
0.353712
0.194626
0.426752
0.370903
0.386628
0.445734
0.16835
0.334651
0.0753396
0.486368
0.558438
0.466475
0.584585
0.534851
0.353234
0.348551
0.687681
0.0859111
0.425466
0.158228
0.289988
0.418374
0.55717
0.0978261
0.55303
0.152338
0.387424
0.433078
0.064479
0.562743
0.461705
0.538899
0.343453
0.379648
0.350497
0.420259
0.217375
0.626406
0.1514
0.0344219
0.471971
0.284746
0.0972302
0.219176
0.408711
0.303135
0.360533
0.323312
0.376491
0.614053
0.668669
0.410695
0.514471
0.585537
0.504942
0.307833
0.72905
0.304743
0.248821
0.435028
0.229393
0.56043
0.693196
0.214354
0.0666872
0.471892
0.198892
0.390219
0.398203
0.0790649
0.361981
0.309388
0.0934369
0.0585648
0.676209
0.241066
0.256389
0.447702
0.627097
0.459372
0.447642
0.513041
0.464596
0.405093
0.193314
0.639533
0.142793
0.433632
0.411484
0.571277
0.183773
0.548982
0.199248
0.229717
0.351489
0.537864
0.512062
0.500639
0.578763
0.0883243
0.489319
0.219228
0.129693
0.22619
0.704815
0.462787
0.166907
0.693717
0.127924
0.296395
0.534062
0.39141
0.507641
0.637008
0.116436
0.65046
0.180645
0.307319
0.356272
0.135021
0.325386
0.361175
0.215054
0.364912
0.240901
0.575374
0.354299
0.370538
0.435345
0.502652
0.241228
0.688629
0.279837
0.715655
0.324211
0.469738
0.194432
0.592923
0.365487
0.56868
0.219452
0.394106
0.264451
0.438859
0.781371
0.601987
0.470461
0.273476
0.360585
0.430474
0.174308
0.210281
0.586133
0.351759
0.27164
0.317059
0.126255
0.573427
0.249499
0.389202
0.661242
0.726379
0.387356
0.131744
0.271233
0.253489
0.412722
0.458161
0.416667
0.272138
0.11413
0.303543
0.503255
0.374623
0.45107
0.622822
0.523908
0.201283
0.352941
0.205273
0.597382
0.408075
0.676491
0.53702
0.23842
0.532023
0.600366
0.0651233
0.104664
0.579464
0.181484
0.219662
0.381393
0.248833
0.587373
0.385607
0.375435
0.515306
0.700347
0.417798
0.381815
0.338542
0.102632
0.291116
0.255382
0.251938
0.73913
0.315897
0.657677
0.153947
0.132964
0.205007
0.135166
0.188332
0.115293
0.0786449
0.126543
0.0739635
0.240732
0.155922
0.514493
0.144451
0.414247
0.408753
0.163648
0.225464
0.667081
0.110119
0.410563
0.119871
0.563165
0.536884
0.577433
0.565366
0.238463
0.570652
0.0731775
0.38146
0.331939
0.703601
0.619764
0.453281
0.42476
0.383038
0.267963
0.48954
0.52255
0.51087
0.737783
0.161877
0.304433
0.41563
0.346283
0.688224
0.852861
0.479671
0.560768
0.341436
0.432607
0.432773
0.532963
0.549902
0.430524
0.714961
0.410256
0.380059
0.490149
0.289539
0.694422
0.599622
0.264603
0.549314
0.231518
0.308818
0.812643
0.377583
0.568374
0.349043
0.468342
0.200781
0.297695
0.292589
0.495275
0.0838318
0.55269
0.756792
0.654987
0.211746
0.253535
0.651992
0.0980226
0.344198
0.328664
0.62358
0.447811
0.341203
0.135177
0.491228
0.312275
0.203306
0.554022
0.231708
0.584747
0.630401
0.387088
0.302075
0.302796
0.461411
0.405009
0.480578
0.471803
0.118817
0.305274
0.38875
0.500572
0.162984
0.345046
0.328566
0.250381
0.273099
0.0780561
0.528001
0.182143
0.513785
0.314232
0.140752
0.619415
0.690019
0.532354
0.63544
0.627521
0.169662
0.525264
0.502232
0.732184
0.488358
0.294906
0.43192
0.253441
0.483368
0.49413
0.719431
0.274246
0.461184
0.420372
0.318094
0.458392
0.346073
0.644468
0.555556
0.190939
0.471719
0.0999341
0.298884
0.223221
0.439916
0.293211
0.514185
0.100318
0.335046
0.461728
0.486746
0.251049
0.250966
0.266571
0.174387
0.643939
0.370166
0.122803
0.0909031
0.650224
0.385039
0.270736
0.426938
0.196457
0.35443
0.430723
0.340591
0.376124
0.195516
0.193237
0.164916
0.404606
0.0835185
0.293067
0.150768
0.358653
0.508359
0.569339
0.211678
0.427898
0.370314
0.348036
0.363429
0.855842
0.686759
0.65676
0.267215
0.488158
0.336344
0.378292
0.0529186
0.118898
0.261497
0.68395
0.67595
0.0946766
0.256089
0.521502
0.111793
0.574999
0.211142
0.522424
0.191474
0.654054
0.35718
0.291411
0.413057
0.276605
0.0878049
0.310067
0.601152
0.194916
0.0967742
0.404035
0.177268
0.138816
0.260061
0.430064
0.145253
0.366731
0.34479
0.375367
0.818353
0.72044
0.252384
0.369231
0.513841
0.165654
0.304795
0.280553
0.120208
0.163398
0.516321
0.48074
0.459623
0.674711
0.797701
0.267432
0.386155
0.490654
0.375079
0.517773
0.0702427
0.122968
0.201791
0.37226
0.322209
0.256383
0.564689
0.197461
0.664091
0.255944
0.586065
0.180055
0.478985
0.616791
0.161189
0.145153
0.133041
0.115749
0.719863
0.325799
0.311287
0.106019
0.365397
0.215686
0.216258
0.0386414
0.226144
0.156031
0.31548
0.579378
0.366671
0.6659
0.480274
0.434024
0.193196
0.154652
0.473945
0.261533
0.170218
0.473096
0.398378
0.0763628
0.419678
0.290451
0.135535
0.43835
0.561811
0.358032
0.109845
0.501678
0.441161
0.388385
0.101598
0.183785
0.40262
0.0825998
0.131271
0.565844
0.0205393
0.275454
0.110759
0.482889
0.0660287
0.345915
0.329966
0.564541
0.152346
0.350554
0.116771
0.35307
0.156971
0.311634
0.164204
0.485082
0.228261
0.182794
0.471698
0.180153
0.57971
0.113609
0.151977
0.602823
0.226881
0.313492
0.582136
0.186677
0.113718
0.226638
0.0993412
0.512744
0.620513
0.489764
0.328266
0.127876
0.035443
0.110267
0.576616
0.109217
0.105085
0.125513
0.184255
0.576201
0.260607
0.173275
0.122239
0.135796
0.246437
0.215539
0.368936
0.46398
0.495457
0.327723
0.119711
0.768523
0.452799
0.245588
0.560354
0.372896
0.0811873
0.813953
0.293008
0.166706
0.246846
0.122022
0.17401
0.209928
0.678259
0.624391
0.379425
0.45349
0.0894107
0.0505523
0.31777
0.630199
0.327848
0.0727532
0.516954
0.405234
0.408805
