0.171509
0.550487
0.364948
0.510912
0.286204
0.165728
0.103247
0.526196
0.525775
0.567854
0.454485
0.432814
0.467455
0.350421
0.43338
0.192736
0.287575
0.472547
0.417512
0.471607
0.313916
0.502244
0.209943
0.266193
0.510989
0.163866
0.546198
0.481013
0.508083
0.381225
0.305941
0.496047
0.48877
0.365654
0.539474
0.314917
0.533328
0.400016
0.597954
0.417521
0.488594
0.442575
0.0700637
0.489731
0.438736
0.459613
0.384408
0.549172
0.175825
0.46228
0.504473
0.40353
0.54413
0.606774
0.411795
0.482678
0.528455
0.462301
0.237498
0.186301
0.369065
0.379805
0.360684
0.274875
0.426319
0.202265
0.432744
0.530777
0.204511
0.427646
0.526252
0.566782
0.435025
0.61893
0.442222
0.4534
0.314729
0.259263
0.451748
0.292611
0.516553
0.421101
0.253202
0.28739
0.212528
0.533667
0.386142
0.479615
0.517542
0.350806
0.4403
0.48693
0.551971
0.363815
0.50851
0.385504
0.512159
0.496698
0.454079
0.477205
0.422188
0.355603
0.181793
0.161599
0.465687
0.428023
0.479003
0.505202
0.240083
0.505949
0.186188
0.148278
0.411009
0.241725
0.425934
0.347173
0.639085
0.482094
0.185072
0.498957
0.473272
0.674177
0.258966
0.269217
0.555517
0.217021
0.510273
0.518431
0.465116
0.482897
0.55125
0.331722
0.556843
0.45888
0.439894
0.610314
0.409553
0.346637
0.499057
0.48423
0.258272
0.27178
0.283308
0.57662
0.356459
0.555509
0.42246
0.446556
0.442847
0.413757
0.298932
0.53046
0.53455
0.389178
0.428119
0.55789
0.45186
0.539037
0.449567
0.509217
0.463164
0.30752
0.166932
0.466556
0.52698
0.371102
0.539867
0.260628
0.37533
0.0847313
0.555726
0.47473
0.459376
0.38884
0.305909
0.349647
0.45136
0.10622
0.217834
0.441779
0.504745
0.48595
0.443096
0.462576
0.314332
0.546119
0.509717
0.32844
0.378885
0.719168
0.459181
0.291963
0.573855
0.556762
0.538894
0.670073
0.468714
0.40396
0.445272
0.278231
0.505556
0.504681
0.519139
0.506171
0.274126
0.476679
0.215438
0.067781
0.262857
0.476721
0.469748
0.0997067
0.516355
0.203723
0.527058
0.638687
0.577978
0.56767
0.359748
0.489634
0.421569
0.420697
0.471643
0.495271
0.535357
0.258425
0.381148
0.412062
0.288393
0.361474
0.0919212
0.478136
0.604075
0.596479
0.114389
0.573282
0.174574
0.313926
0.189637
0.506391
0.211321
0.236515
0.461158
0.323948
0.404675
0.570711
0.523528
0.486702
0.6
0.501427
0.52968
0.572027
0.285789
0.480762
0.319416
0.468045
0.355141
0.481757
0.223841
0.241844
0.161074
0.387549
0.409048
0.339679
0.479864
0.271093
0.396668
0.449042
0.510004
0.557471
0.452932
0.295723
0.171227
0.496194
0.531114
0.458488
0.316009
0.178236
0.146033
0.419504
0.388673
0.533375
0.277653
0.571184
0.289681
0.394134
0.439346
0.256123
0.109885
0.365289
0.258235
0.389883
0.502697
0.495636
0.519546
0.481959
0.532799
0.375382
0.31907
0.436364
0.211629
0.514069
0.616623
0.278999
0.292098
0.63214
0.042619
0.566681
0.400421
0.260121
0.265774
0.606481
0.574423
0.562675
0.494095
0.486896
0.492805
0.378143
0.481277
0.529292
0.533849
0.343772
0.611778
0.48614
0.642105
0.602192
0.475942
0.307717
0.43751
0.637363
0.426729
0.519644
0.255419
0.231512
0.356783
0.424722
0.258489
0.454743
0.559646
0.372849
0.332156
0.41179
0.29078
0.456182
0.594963
0.379867
0.168451
0.263795
0.255525
0.397746
0.610379
0.557062
0.478832
0.597185
0.432017
0.323973
0.511909
0.211794
0.287477
0.105958
0.437019
0.413396
0.496073
0.101096
0.396617
0.393352
0.241762
0.276973
0.493108
0.273681
0.325065
0.217151
0.430648
0.342042
0.322928
0.566349
0.354082
0.337185
0.20049
0.318299
0.269427
0.407628
0.470677
0.288379
0.482986
0.307583
0.575013
0.468641
0.484276
0.160389
0.104039
0.359012
0.418485
0.415852
0.465034
0.468746
0.417889
0.474921
0.289351
0.643486
0.639715
0.226656
0.128612
0.486137
0.464612
0.424943
0.294962
0.291358
0.471494
0.501739
0.100877
0.610965
0.516605
0.156891
0.32856
0.401695
0.559595
0.515981
0.0593612
0.58249
0.160215
0.380632
0.325657
0.407262
0.557565
0.337896
0.413079
0.434736
0.331575
0.26556
0.349255
0.215213
0.198286
0.421726
0.475779
0.232038
0.415264
0.355658
0.468605
0.522082
0.494885
0.582222
0.564123
0.380887
0.55888
0.630249
0.470648
0.481607
0.175931
0.351642
0.589235
0.207768
0.480215
0.330675
0.362958
0.50995
0.11968
0.524488
0.158962
0.141818
0.261625
0.565828
0.359044
0.409555
0.456841
0.652588
0.633023
0.197368
0.279107
0.557451
0.523968
0.315715
0.441967
0.545513
0.48048
0.43999
0.446736
0.232839
0.416445
0.500813
0.588487
0.578462
0.454483
0.464024
0.501299
0.36823
0.616546
0.460018
0.505256
0.313257
0.350575
0.654952
0.474325
0.3417
0.487748
0.551097
0.341209
0.48523
0.28966
0.539901
0.511797
0.257935
0.643799
0.220475
0.157051
0.459843
0.286079
0.541999
0.396608
0.528554
0.438358
0.151487
0.470921
0.58231
0.406539
0.686644
0.638583
0.583138
0.519337
0.406272
0.580048
0.495495
0.204043
0.486551
0.448687
0.377058
0.68696
0.208456
0.455998
0.376883
0.578824
0.508655
0.425516
0.386355
0.587717
0.468475
0.267241
0.432134
0.7653
0.229244
0.185144
0.292217
0.451629
0.434662
0.545868
0.302303
0.377413
0.332681
0.453357
0.334001
0.373789
0.484994
0.426704
0.479537
0.559886
0.41383
0.566363
0.146471
0.407311
0.446021
0.565579
0.389579
0.593903
0.286567
0.491681
0.512947
0.347416
0.157369
0.427501
0.149548
0.387404
0.539092
0.175311
0.200197
0.471352
0.303884
0.295878
0.518187
0.482908
0.560961
0.324403
0.381203
0.408401
0.319224
0.493429
0.429926
0.301457
0.101303
0.428498
0.451389
0.49387
0.438558
0.536595
0.176752
0.559387
0.351079
0.175977
0.334771
0.394541
0.422671
0.437133
0.383124
0.464005
0.0661361
0.128549
0.484918
0.476157
0.310463
0.312742
0.530964
0.383721
0.356793
0.232919
0.453308
0.569072
0.500953
0.564284
0.220523
0.469775
0.436563
0.34569
0.358064
0.334211
0.528163
0.353893
0.160611
0.145068
0.561755
0.46702
0.503116
0.385793
0.407365
0.588139
0.407591
0.516194
0.308673
0.49019
0.493572
0.512297
0.298482
0.412125
0.503935
0.639532
0.438802
0.445496
0.493605
0.0682899
0.521219
0.586246
0.304661
0.451877
0.443302
0.530626
0.564
0.538361
0.494092
0.431143
0.178249
0.532763
0.44096
0.446712
0.15745
0.249463
0.592669
0.266755
0.277623
0.421426
0.423484
0.64834
0.344543
0.434707
0.429684
0.129406
0.478178
0.502377
0.215172
0.53603
0.120016
0.121027
0.538892
0.42508
0.42861
0.572644
0.125178
0.480191
0.385095
0.430628
0.277299
0.42963
0.402841
0.444413
0.383997
0.489471
0.445689
0.243872
0.250424
0.5069
0.546718
0.383392
0.506939
0.300691
0.325855
0.481298
0.24983
0.452644
0.535503
0.446176
0.316022
0.415481
0.436488
0.472836
0.434988
0.410935
0.40319
0.42029
0.308591
0.404382
0.377804
0.470571
0.556391
0.445553
0.284984
0.297685
0.250002
0.280032
0.577934
0.0461823
0.376368
0.497818
0.352046
0.50226
0.372576
0.556089
0.563248
0.444852
0.572614
0.189139
0.478468
0.511962
0.460556
0.265088
0.180837
0.612948
0.531897
0.408906
0.476823
0.515178
0.380755
0.435484
0.512096
0.542399
0.612105
0.0587392
0.558405
0.339345
0.590741
0.691092
0.385011
0.514493
0.431091
0.582316
0.469055
0.389123
0.522209
0.252945
0.579136
0.497736
0.540446
0.479945
0.566802
0.212247
0.516138
0.172417
0.485157
0.443606
0.453577
0.311261
0.565165
0.44367
0.339723
0.396615
0.467046
0.256683
0.518605
0.205136
0.477409
0.527604
0.374722
0.324063
0.100322
0.491691
0.406685
0.479967
0.515028
0.630374
0.614667
0.36037
0.111519
0.557644
0.542047
0.486849
0.122653
0.375016
0.419077
0.472792
0.509817
0.527542
0.714054
0.455815
0.446521
0.531795
0.438134
0.583803
0.431293
0.306223
0.251064
0.185683
0.596728
0.540602
0.423117
0.355212
0.447957
0.387586
0.316013
0.530793
0.468412
0.6243
0.468063
0.506834
0.549982
0.356852
0.515913
0.411245
0.328659
0.541947
0.499223
0.169191
0.63797
0.564462
0.433037
0.46933
0.414317
0.391302
0.497175
0.513208
0.543756
0.422131
0.340116
0.199256
0.472953
0.253121
0.475073
0.469401
0.419032
0.491078
0.561166
0.659007
0.365674
0.415036
0.387444
0.693359
0.455513
0.383139
0.452218
0.340443
0.431358
0.298046
0.385544
0.469068
0.179031
0.539769
0.535211
0.262887
0.438475
0.363597
0.400965
0.331884
0.490629
0.287865
0.343434
0.490537
0.325328
0.527132
0.45974
0.46748
0.481463
0.38439
0.366691
0.273667
0.333595
0.457143
0.248676
0.301788
0.307481
0.486824
0.427609
0.387663
0.478715
0.496509
0.233491
0.436157
0.619469
0.226264
0.458377
0.481735
0.36535
0.495304
0.443792
0.384816
0.498082
0.375907
0.511823
0.511111
0.508838
0.209499
0.575955
0.350893
0.343912
0.517975
0.434604
0.297692
0.462193
0.678959
0.412423
0.415177
0.539911
0.368688
0.269281
0.468862
0.606695
0.22177
0.396758
0.283089
0.316314
0.60414
0.319871
0.463023
0.524664
0.452825
0.222798
0.510197
0.34689
0.397143
0.371378
0.281317
0.600772
0.513479
0.503309
0.409603
0.402263
0.565757
0.262122
0.234155
0.570007
0.461751
0.520586
0.295566
0.267347
0.519051
0.496308
0.226215
0.510763
0.382968
0.428126
0.469323
0.569188
0.420704
0.175631
0.506603
0.413206
0.280805
0.499034
0.483413
0.459824
0.292105
0.289844
0.484675
0.563059
0.645004
0.352963
0.337293
0.289986
0.49211
0.535519
0.435405
0.423846
0.499758
0.533273
0.443413
0.518295
0.220091
0.467351
0.400694
0.500839
0.48862
0.502361
0.327426
0.340606
0.239985
0.345776
0.46325
0.394744
0.500858
0.409134
0.363001
0.380087
0.392774
0.447578
0.430277
0.338259
0.501272
0.54339
0.523836
0.28776
0.446506
0.512934
0.462568
0.523585
0.369994
0.515658
0.589878
0.428728
0.575576
0.49516
0.256643
0.336438
0.398028
0.212474
0.548273
0.393439
0.290681
0.398129
0.545071
0.502644
0.416593
0.512506
0.46304
0.404313
0.454262
0.304896
0.607397
0.491573
0.554423
0.421398
0.45098
0.415737
0.497503
0.385412
0.301403
0.248458
0.307707
0.402937
0.356244
0.24808
0.452381
0.179611
0.455736
0.299305
0.250726
0.490154
0.500234
0.476667
0.60961
0.422603
0.33542
0.388282
0.454399
0.581501
0.246661
0.14615
0.129259
0.338304
0.497464
0.23357
0.593393
0.347683
0.51306
0.547483
0.278231
0.49221
0.229092
0.392496
0.56866
0.46131
0.319656
0.461764
0.35543
0.478261
0.461288
0.414444
0.383837
0.363708
0.524837
0.305165
0.463713
0.238892
0.32771
0.547091
0.479316
0.305207
0.429256
0.498387
0.452027
0.322081
0.558018
0.640547
0.410564
0.439096
0.545089
0.58122
0.515667
0.315527
0.315116
0.36489
0.246947
0.503343
0.131961
0.569697
0.282333
0.568153
0.529081
0.297185
0.514535
0.265632
0.517857
0.51576
0.446758
0.471702
0.423996
0.351037
0.324463
0.11423
0.492129
0.396309
0.284028
0.464954
0.408465
0.383586
0.49859
0.551613
0.533357
0.435637
0.576648
0.0838994
0.48206
0.523727
0.16411
0.055628
0.47814
0.342908
0.477971
0.451327
0.543841
0.176184
0.569215
0.54525
0.516219
0.475794
0.50824
0.522204
0.0789924
0.270677
0.307888
0.557756
0.486479
0.535961
0.437199
0.347573
0.485966
0.29117
0.496032
0.497598
0.513581
0.507512
0.48503
0.493018
0.50354
0.241523
0.490602
0.269109
0.451262
0.491873
0.430435
0.423455
0.126539
0.510879
0.34868
0.0661672
0.620259
0.507066
0.480364
0.281229
0.405279
0.343367
0.187793
0.338907
0.430935
0.423074
0.309561
0.317476
0.273545
0.463845
0.397727
0.598128
0.344352
0.444222
0.400608
0.382949
0.216196
0.185462
0.523279
0.345197
0.119748
0.505263
0.49661
0.769295
0.412092
0.370398
0.105341
0.452295
0.412361
0.197617
0.499892
0.135926
0.583247
0.42878
0.325601
0.219077
0.259055
0.162162
0.444724
0.180226
0.454426
0.100699
0.230843
0.253247
0.451187
0.554103
0.386626
0.502534
0.47132
0.463131
0.129037
0.409938
0.496171
0.179571
0.447542
0.500098
0.434573
0.442597
0.402149
0.559683
0.474468
0.376307
0.607838
0.245679
0.518885
0.372715
0.4825
0.544283
0.4663
0.602097
0.332503
0.52391
0.366667
0.111449
0.450305
0.321492
0.572916
0.286886
0.184038
0.4218
0.54929
0.46126
0.369729
0.478281
0.430574
0.116171
0.615187
0.318528
0.520324
0.482045
0.171944
0.32971
0.47738
0.52304
0.393436
0.191457
0.319259
0.166519
0.219178
0.378867
0.413036
0.368069
0.544627
0.318296
0.309475
0.426709
0.543181
0.515317
0.624465
0.501912
0.111328
0.521219
0.576502
0.365393
0.485816
0.361905
0.270474
0.507744
0.513667
0.513408
0.564993
0.373394
0.306221
0.537536
0.524377
0.553901
0.524741
0.364183
0.297297
0.477816
0.231027
0.518997
0.50213
0.197665
0.419048
0.330154
0.402673
0.531728
0.207578
0.45901
0.484958
0.253257
0.417409
0.574137
0.503042
0.519311
0.112257
0.546623
0.1841
0.517426
0.598697
0.546239
0.352795
0.337717
0.146341
0.385417
0.540354
0.370414
0.451798
0.357127
0.482278
0.313015
0.520361
0.236589
0.491731
0.57063
0.486671
0.371445
0.479742
0.457197
0.470474
0.45534
0.512226
0.54693
0.299689
0.356886
0.297817
0.136705
0.377931
0.462467
0.398552
0.481179
0.149712
0.452763
0.458352
0.48591
0.208021
0.478545
0.519355
0.49748
0.0731015
0.33614
0.352311
0.439331
0.34659
0.514525
0.622632
0.524621
0.415751
0.381797
0.182899
0.265719
0.6154
0.674545
0.304066
0.528771
0.398844
0.409071
0.560583
0.410623
0.318144
0.467997
0.508149
0.306863
0.396889
0.291199
0.443536
0.665352
0.348733
0.575979
0.259084
0.512426
0.264655
0.380907
0.44298
0.364475
0.398387
0.669963
0.483772
0.470147
0.592864
0.108067
0.461697
0.44983
0.32815
0.475026
0.551233
0.330178
0.514135
0.220835
0.201342
0.189004
0.484412
0.448838
0.353281
0.304936
0.257782
0.303459
0.559167
0.514857
0.452925
0.404819
0.298158
0.426286
0.306417
0.458786
0.28934
0.540821
0.459789
0.416393
0.386407
0.512418
0.37554
0.435868
0.385987
0.364032
0.321633
0.496732
0.465124
0.491731
0.453382
0.453198
0.550688
0.144479
0.52256
0.465238
0.16913
0.680989
0.403488
0.178939
0.271215
0.216294
0.575483
0.0493846
0.317335
0.107003
0.518668
0.522788
0.242
0.450431
0.0798154
0.348264
0.282865
0.410827
0.658141
0.414284
0.579894
0.409793
0.506328
0.227176
0.282441
0.568684
0.355076
0.501932
0.183419
0.539659
0.470476
0.527738
0.580687
0.215575
0.352486
0.350383
0.631127
0.381341
0.268212
0.603351
0.357977
0.478174
0.317886
0.535537
0.332158
0.144044
0.353169
0.427956
0.151341
0.201386
0.0623701
0.186815
0.29826
0.510289
0.166623
0.528054
0.471942
0.138693
0.367533
0.554405
0.437302
0.355804
0.597802
0.40479
0.500067
0.128155
0.22602
0.375952
0.602129
0.434013
0.499784
0.338065
0.183443
0.596091
0.160569
0.520945
0.452035
0.603786
0.123694
0.650944
0.484073
0.688776
0.140434
0.324351
0.257014
0.483247
0.0607937
0.221196
0.189697
0.453692
0.110236
0.312398
0.527657
0.389484
0.375768
0.113988
0.252439
0.329875
0.397415
0.510631
0.201952
0.441239
0.592755
0.519305
0.216364
0.545273
0.314559
0.249695
0.436257
0.530143
0.523829
0.590656
0.297346
0.396473
0.269474
0.218891
0.471517
0.281388
0.314453
0.238374
0.387454
0.530568
0.533002
0.653014
0.526435
0.12673
0.561181
0.420479
0.337482
0.162343
0.304434
0.391202
0.330134
0.547186
0.383099
0.0823019
0.0910438
0.530612
0.551924
0.450004
0.211806
0.367953
0.291542
0.513786
0.17
0.376774
0.233787
0.534975
0.273453
0.457064
0.393642
0.0861086
0.171978
0.517842
0.337529
0.496732
0.29965
0.358115
0.406698
0.299907
0.482095
0.456551
0.298206
0.597414
0.503972
0.378446
0.385169
0.343178
0.166339
0.520472
0.517483
0.403247
0.505806
0.528677
0.491485
0.561616
0.623737
0.470565
0.206194
0.382645
0.419246
0.448616
0.326994
0.404354
0.151135
0.0996704
0.359408
0.273055
0.659832
0.611932
0.597909
0.143786
0.211529
0.484811
0.382748
0.269448
0.162909
0.293503
0.14389
0.486713
0.475379
0.489187
0.225508
0.28657
0.3631
0.514286
0.528689
0.298336
0.537837
0.0996586
0.182526
0.0772419
0.404286
0.462135
0.484157
0.100096
0.350865
0.546503
0.468134
0.240396
0.525922
0.266903
0.461388
0.562
0.378037
0.3255
0.445405
0.282774
0.262429
0.324416
0.0785595
0.405487
0.545082
0.311779
0.42276
0.708486
0.517811
0.596027
0.505374
0.495599
0.261158
0.478834
0.439547
0.346034
0.484013
0.451091
0.389226
0.122811
0.325162
0.528297
0.524783
0.183696
0.57483
0.42875
0.378192
0.23023
0.529813
0.260162
0.51793
0.346679
0.100275
0.442529
0.208826
0.214782
0.274069
0.415278
0.347715
0.288784
0.582745
0.234568
0.436748
0.505961
0.210012
0.18333
0.588577
0.193326
0.337847
0.0690089
0.316755
0.17313
0.233338
0.2078
0.0176278
0.392356
0.361927
0.162205
0.261485
0.236987
0.29899
0.285865
0.3911
0.123413
0.438156
0.493909
0.544673
0.228062
0.395549
0.46859
0.451531
0.133789
0.564772
0.162512
0.304267
0.2295
0.17871
0.423286
0.452859
0.201163
0.18098
0.385641
0.546242
0.185374
0.619708
0.0648886
0.343037
0.213198
0.402805
0.483092
0.146557
0.112793
0.694631
0.473107
0.181674
0.550433
0.475672
0.554361
0.431753
0.523006
0.502404
0.47449
0.456141
0.460446
0.523126
0.143566
0.493497
0.304286
0.528074
0.443826
0.493902
0.27985
0.152835
0.253627
0.477575
0.45377
0.453194
0.549498
0.34384
0.239162
0.177281
0.517081
0.384892
0.585639
0.517754
0.467913
0.446299
0.0815875
0.491889
0.515598
0.48758
0.59773
0.123008
0.46937
0.524023
0.30302
0.36572
0.391679
0.492472
0.189914
0.512293
0.111315
0.438156
0.258562
0.457732
0.13897
0.524331
0.448623
0.448161
0.593952
0.441275
0.419731
0.193144
0.169784
0.517241
0.146667
0.498586
0.173913
0.166358
0.500739
0.310508
0.479849
0.606317
0.109439
0.361163
0.515783
0.177134
0.21292
0.528097
0.185426
0.491821
0.455729
0.10641
0.101368
0.4434
0.1349
0.273307
0.471147
0.395767
0.239972
0.222345
0.478616
0.121368
0.219633
0.351911
0.523683
0.477672
0.435256
0.492633
0.500251
0.0869147
0.475442
0.564863
0.491218
0.490226
0.546753
0.331839
0.508667
0.0892733
0.127143
0.618606
0.162558
0.212871
0.425053
0.219993
0.458961
0.0667773
0.0995316
0.137777
0.238826
0.469284
0.477218
0.576278
0.385844
0.458679
0.475495
0.19418
0.744356
0.416724
0.160282
0.208716
0.394954
0.501952
0.222899
0.509708
0.622017
0.534979
0.515911
0.431228
0.277222
0.416599
0.235068
0.203882
0.501663
0.598486
0.606576
0.213665
0.51308
0.195209
0.194518
0.495609
0.44663
0.512538
0.2774
0.484214
0.375529
0.309307
0.134208
0.527738
0.239788
0.214272
0.517804
0.0793428
0.183469
0.473089
0.253915
0.62008
0.314815
0.58734
0.363183
0.604366
0.504874
0.474842
0.554141
0.207556
0.503123
0.368036
0.444323
0.510787
0.475947
0.213435
0.373223
0.24232
0.228012
0.514564
0.42354
0.365842
0.579017
0.108641
0.390564
0.583411
0.549104
0.155116
0.437509
0.158999
0.515616
0.471577
0.580067
0.561941
0.463298
0.495358
0.46035
0.475929
0.248056
0.504374
0.267733
0.491019
0.363973
0.0813709
0.480476
0.110167
0.487986
0.259251
0.386883
0.34517
0.347305
0.50243
0.546801
0.546619
0.327697
0.446705
0.149694
0.488083
0.367905
0.410643
0.214177
0.567338
0.444121
0.0822675
0.441746
0.496862
0.266372
0.380868
0.113617
0.403574
0.522543
0.0616866
0.617129
0.559123
0.273138
0.566576
0.500948
0.52278
0.470888
0.397831
0.457721
0.274174
0.465917
0.244176
0.326497
0.589825
0.329197
0.281772
0.534935
0.502665
0.475857
0.472316
0.439916
0.498676
0.195812
0.590203
0.477097
0.222033
0.485477
0.46177
0.131047
0.246477
0.397104
0.288963
0.229196
0.543124
0.228749
0.484606
0.432471
0.339392
0.487236
0.278616
0.694279
0.552898
0.518093
0.525818
0.364153
0.549188
0.497531
0.164319
0.199506
0.188895
0.542218
0.270042
0.200344
0.100171
0.527945
0.557608
0.506394
0.47313
0.608787
0.11746
0.598205
0.513445
0.293297
0.531994
0.255339
0.492809
0.391132
0.153938
0.521151
0.59574
0.235599
0.439363
0.198136
0.396523
0.47074
0.0665153
0.870209
0.578615
0.46629
0.31486
0.606696
0.47327
0.408163
0.211455
0.446248
0.52963
0.399933
0.50193
0.501361
0.533408
0.525937
0.176568
0.423203
0.484746
0.249905
0.591816
0.389579
0.644373
0.578265
0.400643
0.561277
0.210697
0.529688
0.290602
0.513549
0.493649
0.536639
0.258096
0.19843
0.515315
0.409904
0.482459
0.231257
0.537417
0.539869
0.193268
0.472993
0.30617
0.496757
0.398554
0.462799
0.411386
0.0317935
0.455977
0.391364
0.326187
0.497239
0.546727
0.6836
0.604259
0.494857
0.16346
0.375549
0.137211
0.436197
0.455519
0.513269
0.4463
0.610261
0.58649
0.0663016
0.310638
0.157029
0.428005
0.310789
0.388431
0.465125
0.18178
0.49343
0.172479
0.0779281
0.0885238
0.487646
0.493668
0.609105
0.13895
0.56261
0.0598363
0.278884
0.525922
0.29207
0.460824
0.551879
0.489845
0.268698
0.483622
0.527726
0.478896
0.38326
0.50211
0.503422
0.165968
0.179757
0.422549
0.445402
0.354997
0.483499
0.0738409
0.550813
0.455973
0.168606
0.568623
0.281127
0.279022
0.462295
0.346239
0.582091
0.387259
0.510967
0.373174
0.60125
0.459965
0.504808
0.144446
0.281364
0.139964
0.382599
0.371816
0.48843
0.542171
0.606971
0.330903
0.416236
0.490502
0.487413
0.323529
0.501219
0.246491
0.462693
0.156913
0.226568
0.519598
0.20331
0.528415
0.541873
0.114866
0.108811
0.149903
0.511652
0.440913
0.369279
0.476509
0.469239
0.623276
0.15352
0.396773
0.213576
0.466783
0.58962
0.534911
0.400919
0.48706
0.714094
0.365243
0.399711
0.247973
0.480281
0.454783
0.444577
0.164281
0.0879437
0.265426
0.369088
0.314069
0.332722
0.534766
0.55406
0.146617
0.576294
0.19036
0.446554
0.476608
0.668596
0.415535
0.549101
0.309976
0.558723
0.522965
0.628293
0.238175
0.417004
0.161192
0.448012
0.531685
0.15368
0.154743
0.491415
0.330893
0.308458
0.603133
0.553285
0.125979
0.507486
0.380389
0.115635
0.4484
0.5289
0.487763
0.330342
0.493212
0.545071
0.150328
0.532507
0.112511
0.47564
0.447007
0.491491
0.447479
0.462271
0.474984
0.511097
0.543007
0.247283
0.319707
0.469373
0.330432
0.431715
0.50235
0.423515
0.482759
0.563001
0.187678
0.631513
0.237093
0.488545
0.654753
0.471736
0.564783
0.437972
0.310895
0.308238
0.404144
0.566478
0.140288
0.44935
0.269916
0.176673
0.547726
0.294976
0.154463
0.696008
0.582097
0.516659
0.0634105
0.480428
0.380964
0.062549
0.471301
0.195517
0.38004
0.487343
0.427003
0.577268
0.219119
0.428615
0.471466
0.283035
0.369201
0.526383
0.471137
0.453519
0.510174
0.124492
0.0970766
0.137572
0.403082
0.797312
0.581299
0.273041
0.285247
0.315606
0.118895
0.437848
0.488349
0.103332
0.378991
0.489533
0.472051
0.218516
0.583518
0.334277
0.537887
0.371223
0.203846
0.0940665
0.467652
0.413351
0.468571
0.505279
0.305711
0.387658
0.439882
0.572117
0.183131
0.558671
0.56537
0.567669
0.278345
0.126689
0.139749
0.554656
0.476997
0.408064
0.396086
0.539096
0.326461
0.627156
0.571055
0.344538
0.576052
0.280408
0.469372
0.296668
0.366979
0.0621583
0.457692
0.561351
0.470117
0.495158
0.104884
0.134112
0.534641
0.127731
0.482485
0.547057
0.464654
0.576375
0.470972
0.220779
0.602182
0.406504
0.286985
0.537135
0.157799
0.214253
0.62931
0.461029
0.475725
0.175879
0.208682
0.143621
0.456628
0.64139
0.211748
0.465968
0.283205
0.186892
