0.418326
0.506716
0.504897
0.459162
0.765387
0.272786
0.449183
0.573591
0.312087
0.348517
0.456871
0.425968
0.370615
0.468942
0.38835
0.552657
0.396068
0.288432
0.259672
0.424681
0.486726
0.410419
0.445415
0.241206
0.121158
0.401773
0.409055
0.381579
0.551975
0.489939
0.332128
0.411544
0.530775
0.330206
0.421245
0.506823
0.40266
0.683444
0.359327
0.569646
0.233796
0.526303
0.333817
0.254538
0.56856
0.0560573
0.569849
0.421622
0.566809
0.509852
0.491665
0.312491
0.434349
0.459648
0.448331
0.149215
0.206443
0.575369
0.241629
0.545833
0.348457
0.385088
0.367354
0.524294
0.56425
0.262681
0.375384
0.294521
0.291851
0.359799
0.550067
0.297728
0.597483
0.560796
0.277767
0.362703
0.558915
0.298811
0.461879
0.430789
0.40814
0.539062
0.398052
0.270225
0.299992
0.412929
0.352928
0.655644
0.372973
0.430283
0.203216
0.49356
0.320655
0.494674
0.518885
0.322875
0.370197
0.394518
0.327346
0.562093
0.50672
0.391389
0.34598
0.58623
0.448676
0.359332
0.407648
0.372522
0.772861
0.653753
0.499923
0.219764
0.549237
0.374624
0.278432
0.534792
0.194776
0.531249
0.301998
0.302591
0.190048
0.525549
0.466506
0.409079
0.518063
0.542175
0.512246
0.508163
0.502733
0.424351
0.448482
0.431592
0.113672
0.483038
0.297292
0.569868
0.413312
0.138781
0.276976
0.481481
0.288885
0.269975
0.309128
0.629537
0.65388
0.414383
0.190149
0.258402
0.434681
0.497553
0.531934
0.211173
0.31789
0.317753
0.21454
0.438788
0.25054
0.400442
0.0142947
0.335857
0.354431
0.679686
0.294697
0.34927
0.0367059
0.441666
0.0649808
0.127767
0.352625
0.481232
0.244952
0.559772
0.27382
0.439494
0.379553
0.438676
0.417043
0.568986
0.489427
0.515395
0.224
0.260778
0.53922
0.318272
0.408707
0.230107
0.298837
0.196101
0.176699
0.502624
0.247748
0.573361
0.468585
0.419048
0.562594
0.529998
0.309924
0.356981
0.541984
0.276332
0.531569
0.284889
0.648688
0.167464
0.227333
0.331924
0.207246
0.300865
0.431984
0.451713
0.170861
0.46303
0.309249
0.340429
0.460323
0.432645
0.190945
0.325038
0.613938
0.142922
0.578736
0.305508
0.208338
0.401465
0.250356
0.350951
0.416602
0.489267
0.446506
0.245719
0.230306
0.317817
0.457836
0.383544
0.24036
0.313418
0.745517
0.504302
0.439216
0.530463
0.370861
0.317559
0.228155
0.445431
0.435265
0.40724
0.209314
0.461165
0.486735
0.270732
0.571739
0.185455
0.214538
0.56416
0.210597
0.454741
0.417766
0.286697
0.331341
0.525211
0.499069
0.464425
0.307438
0.261059
0.452873
0.230461
0.276094
0.500716
0.537353
0.184059
0.602676
0.452758
0.465356
0.164672
0.230556
0.540781
0.214724
0.232421
0.535065
0.557275
0.560995
0.424912
0.38804
0.414123
0.221434
0.542852
0.210999
0.473769
0.438724
0.372269
0.315511
0.3812
0.159154
0.201301
0.561485
0.485068
0.479779
0.526352
0.668199
0.528812
0.33417
0.338293
0.244961
0.246029
0.260285
0.428049
0.539457
0.492588
0.466165
0.224081
0.524754
0.188162
0.492963
0.129113
0.545251
0.341032
0.324707
0.317633
0.486111
0.229854
0.314398
0.42093
0.44327
0.398929
0.437411
0.156798
0.441195
0.214876
0.196843
0.441186
0.251266
0.198762
0.241412
0.360376
0.393683
0.488344
0.405762
0.221323
0.147329
0.388285
0.251393
0.486064
0.448453
0.743124
0.493365
0.474626
0.368891
0.262159
0.483092
0.432697
0.436239
0.286879
0.386295
0.527256
0.507792
0.341933
0.173438
0.361842
0.443138
0.429091
0.260918
0.29149
0.485398
0.407658
0.548794
0.455242
0.157
0.211955
0.373813
0.111586
0.0842401
0.0209251
0.0754717
0.332234
0.361086
0.069267
0.179902
0.445655
0.167169
0.450602
0.549114
0.581275
0.262015
0.579519
0.267799
0.545304
0.484626
0.296846
0.431351
0.401929
0.376515
0.287297
0.436364
0.415846
0.403604
0.47063
0.271723
0.184007
0.23763
0.501111
0.217069
0.43821
0.356313
0.40155
0.251204
0.389536
0.509633
0.260229
0.261052
0.548216
0.461764
0.274322
0.552106
0.441073
0.540349
0.406619
0.419734
0.219579
0.455049
0.243533
0.404719
0.228699
0.424299
0.171737
0.437716
0.690759
0.511927
0.23031
0.220228
0.326992
0.510526
0.218973
0.388616
0.425289
0.226828
0.198217
0.414601
0.347336
0.154887
0.391252
0.239035
0.388653
0.307654
0.214551
0.41284
0.355765
0.45407
0.375639
0.40925
0.49118
0.188466
0.0758227
0.235236
0.204852
0.130937
0.255019
0.388225
0.488205
0.231491
0.578059
0.239784
0.418118
0.213259
0.465832
0.23166
0.400912
0.396877
0.277227
0.370196
0.332174
0.226005
0.371233
0.360918
0.452663
0.430079
0.323521
0.485659
0.484213
0.494718
0.26441
0.418904
0.495877
0.471945
0.185567
0.328616
0.19559
0.381763
0.210475
0.385922
0.310579
0.517691
0.317338
0.474486
0.179232
0.426076
0.422919
0.625572
0.435713
0.463691
0.31342
0.475246
0.404395
0.461009
0.285863
0.417831
0.21876
0.134198
0.475393
0.141794
0.339628
0.444186
0.426264
0.281674
0.247613
0.440955
0.566376
0.26705
0.439338
0.426993
0.416597
0.437545
0.452422
0.397602
0.429159
0.122626
0.578749
0.242309
0.188671
0.420056
0.39072
0.327061
0.290092
0.153333
0.397166
0.192321
0.432394
0.380513
0.0914044
0.427968
0.187685
0.424652
0.319106
0.224112
0.409524
0.242652
0.293667
0.233745
0.479243
0.318787
0.227184
0.325081
0.0558028
0.551057
0.438478
0.363911
0.523588
0.265273
0.366619
0.202469
0.426018
0.287995
0.298072
0.453452
0.567872
0.439911
0.381698
0.257893
0.392248
0.322826
0.300072
0.16835
0.295114
0.254727
0.17233
0.33533
0.466644
0.407188
0.307781
0.369632
0.57234
0.13465
0.530943
0.357131
0.29982
0.410417
0.386273
0.289621
0.0884755
0.0453216
0.459677
0.102819
0.0126655
0.219933
0.259027
0.48244
0.131289
0.357341
0.580903
0.251655
0.465428
0.385965
0.191438
0.382809
0.434573
0.181214
0.371011
0.585025
0.380372
0.272021
0.458262
0.257787
0.268527
0.334702
0.262336
0.138998
0.267761
0.374949
0.472712
0.207671
0.198198
0.397288
0.218778
0.541568
0.163353
0.265211
0.329682
0.347105
0.188521
0.230716
0.270579
0.355779
0.289385
0.1893
0.418801
0.268327
0.362813
0.141231
0.286861
0.347856
0.532577
0.301123
0.241295
0.353156
0.351627
0.46276
0.136148
0.0898689
0.154915
0.49919
0.200427
0.259032
0.331344
0.299875
0.231454
0.391866
0.316222
0.467447
0.222845
0.200095
0.166012
0.350561
0.315691
0.412155
0.153688
0.323856
0.407958
0.15285
0.276725
0.10571
0.451902
0.473343
0.296388
0.113921
0.19973
0.363211
0.178091
0.269033
0.363293
0.0787914
0.110242
0.349238
0.441566
0.255082
0.448701
0.218384
0.422395
0.265179
0.446425
0.248927
0.368458
0.329345
0.585098
0.508889
0.196941
0.355409
0.156472
0.25512
0.263578
0.344542
0.530683
0.0677902
0.182364
0.298828
0.128158
0.16792
0.263704
0.189276
0.244245
0.377816
0.279588
0.36027
0.445219
0.294693
0.210526
0.204177
0.404844
0.425337
0.112018
0.167488
0.217695
0.291677
0.225545
0.43056
0.290338
0.186961
0.180265
0.192713
0.42773
0.52186
0.190459
0.266355
0.0496461
0.34302
0.276395
0.168957
