0.270793
0.350709
0.445159
0.278923
0.556062
0.288573
0.336
0.258701
0.225295
0.305307
0.527401
0.552692
0.115066
0.209154
0.656805
0.488876
0.0840395
0.161456
0.435839
0.451174
0.418713
0.324252
0.498577
0.228945
0.55184
0.373938
0.476667
0.214925
0.0866801
0.314216
0.359534
0.391134
0.499977
0.377232
0.100038
0.316926
0.113041
0.367841
0.491433
0.29103
0.0171828
0.435799
0.265057
0.422691
0.411948
0.466772
0.530077
0.377281
0.502371
0.311334
0.538268
0.564602
0.503954
0.712579
0.62413
0.190893
0.20823
0.0300097
0.50418
0.216596
0.379776
0.509669
0.457756
0.246484
0.277458
0.701313
0.406015
0.186806
0.259093
0.436342
0.154109
0.363398
0.49967
0.267188
0.288607
0.536087
0.461918
0.308511
0.452602
0.144665
0.528278
0.360663
0.283664
0.46976
0.640031
0.451991
0.368602
0.591969
0.498848
0.420865
0.44814
0.476753
0.314078
0.338704
0.424174
0.430074
0.595262
0.569232
0.425587
0.32578
0.38814
0.231074
0.533453
0.715031
0.486293
0.264233
0.270649
0.461212
0.319182
0.59095
0.526857
0.427173
0.529149
0.386572
0.392839
0.464135
0.537165
0.259499
0.358759
0.405168
0.244423
0.344983
0.174018
0.384934
0.373552
0.491871
0.228875
0.243023
0.451612
0.332382
0.505829
0.413969
0.4
0.232219
0.366855
0.487647
0.163498
0.479206
0.42834
0.53686
0.0748589
0.540204
0.152467
0.471148
0.450309
0.275668
0.399355
0.296224
0.35271
0.305766
0.291657
0.462567
0.441207
0.491279
0.317277
0.33302
0.308571
0.142926
0.257748
0.48843
0.237556
0.202078
0.403996
0.419227
0.255889
0.428871
0.463434
0.45055
0.2794
0.505071
0.507703
0.287758
0.458313
0.381386
0.468132
0.549801
0.314229
0.420538
0.42274
0.354812
0.427015
0.132249
0.454893
0.542665
0.514142
0.51609
0.338465
0.332378
0.435729
0.474183
0.309566
0.220763
0.197834
0.135985
0.302516
0.0309318
0.398763
0.45276
0.39767
0.264973
0.590023
0.543113
0.397588
0.242424
0.356229
0.417731
0.346054
0.277475
0.425658
0.213716
0.289349
0.236475
0.236905
0.343522
0.195743
0.440789
0.22498
0.408644
0.276607
0.413305
0.365402
0.27777
0.311723
0.364434
0.243609
0.221645
0.483927
0.51391
0.367339
0.324956
0.504
0.233169
0.279798
0.257276
0.388486
0.416749
0.469688
0.494212
0.267585
0.562975
0.502742
0.382156
0.4126
0.0736783
0.388615
0.397156
0.41641
0.304478
0.212376
0.469203
0.426152
0.2453
0.139244
0.357528
0.443904
0.293635
0.391603
0.357403
0.117717
0.499658
0.395853
0.38126
0.516959
0.267991
0.37395
0.243926
0.219333
0.281924
0.130563
0.390237
0.151409
0.177207
0.311777
0.0605238
0.451128
0.11856
0.458811
0.15187
0.383333
0.203349
0.384914
0.208793
0.482532
0.0235775
0.196
0.322785
0.339424
0.19349
0.324477
0.28778
0.12113
0.228151
0.116239
0.110337
0.0747975
0.55523
0.176546
0.403083
0.317325
0.287168
0.284156
0.382657
0.363606
0.264736
0.271013
0.298048
0.588687
0.230734
0.468543
0.309524
0.436658
0.423933
0.423469
0.418354
0.319345
0.359695
0.202964
0.336162
0.588976
0.522098
0.344191
0.245778
0.21227
0.440119
0.194008
0.436499
0.299796
0.191228
0.487168
0.145147
0.263099
0.286
0.386213
0.270954
0.520314
0.434792
0.34861
0.27172
0.338505
0.314226
0.289157
0.105753
0.430271
0.268966
0.385366
0.273601
0.514884
0.259528
0.526694
0.422204
0.255834
0.378145
0.3651
0.536344
0.203895
0.208959
0.491901
0.221106
0.265163
0.376681
0.107048
0.327509
0.42447
0.423099
0.3049
0.445179
0.427151
0.520202
0.615462
0.489879
0.489969
0.279394
0.372917
0.510337
0.570734
0.270991
0.479417
0.214386
0.403704
0.0793291
0.229064
0.599589
0.0880615
0.153529
0.264831
0.365931
0.477561
0.380117
0.563604
0.384865
0.271832
0.32495
0.373874
0.0525665
0.314117
0.490215
0.445946
0.545717
0.423977
0.686135
0.343214
0.470938
0.385439
0.364223
0.144669
0.267573
0.153342
0.106884
0.188371
0.37454
0.306257
0.447911
0.262097
0.4166
0.33302
0.451915
0.510457
0.117683
0.437154
0.398693
0.322493
0.179504
0.423149
0.428406
0.798804
0.221021
0.27787
0.255013
0.51895
0.354336
0.428261
0.468347
0.0974617
0.245088
0.0950348
0.227518
0.573597
0.216465
0.207696
0.34068
0.400621
0.206927
0.206671
0.48938
0.278931
0.564769
0.259355
0.524771
0.289661
0.406291
0.248417
0.418725
0.39698
0.455805
0.477551
0.40407
0.0558214
0.0568589
0.323341
0.323133
0.422808
0.359887
0.437692
0.133362
0.473284
0.109283
0.307635
0.474219
0.210099
0.209733
0.337463
0.0776211
0.423117
0.284503
0.500862
0.609268
0.210794
0.214808
0.428881
0.143242
0.0507485
0.300986
0.476903
0.519139
0.544656
0.292128
0.468017
0.209809
0.0940685
0.119015
0.553737
0.453029
0.119581
0.262579
0.508698
0.468721
0.383728
0.273925
0.438538
0.308824
0.189531
0.210229
0.46852
0.461597
0.136452
0.417489
0.499269
0.110902
0.466536
0.207912
0.696591
0.366483
0.501232
0.346647
0.44574
0.543223
0.463836
0.333636
0.584644
0.511736
0.309529
0.248316
0.440335
0.409794
0.371721
0.195403
0.41305
0.230493
0.466373
0.437494
0.135922
0.25558
0.160443
0.484558
0.468515
0.233129
0.330335
0.373116
0.567535
0.257939
0.248544
0.160836
0.474692
0.514838
0.498431
0.339328
0.294989
0.476883
0.278769
0.250976
0.485829
0.375907
0.338905
0.562534
0.287662
0.467242
0.451111
0.32981
0.589333
0.221692
0.368583
0.539933
0.29668
0.372328
0.364215
0.45008
0.476613
0.289887
0.547451
0.608253
0.518428
0.390165
0.423469
0.435209
0.526949
0.468595
0.331935
0.454973
0.501034
0.502203
0.368678
0.436956
0.508705
0.353696
0.253061
0.712852
0.406861
0.43962
0.315597
0.250892
0.404798
0.468227
0.558003
0.640394
0.166349
0.367083
0.429245
0.402633
0.252607
0.474737
0.286152
0.312835
0.440243
0.326299
0.455932
0.705395
0.260675
0.504936
0.486486
0.611627
0.478075
0.407214
0.486105
0.414428
0.526768
0.503926
0.461879
0.746594
0.227328
0.455172
