0.196006
0.303876
0.341136
0.0699343
0.446847
0.0738469
0.577527
0.253015
0.32223
0.344327
0.714286
0.087256
0.114777
0.140343
0.313291
0.114194
0.274194
0.213668
0.285326
0.246514
0.327654
0.334072
0.172164
0.12122
0.0788951
0.0791728
0.417293
0.322562
0.0853751
0.194737
0.127885
0.0899447
0.189606
0.419291
0.282396
0.117195
0.261869
0.352732
0.254591
0.351223
0.262415
0.208342
0.518995
0.197461
0.209687
0.397852
0.135405
0.282346
0.154776
0.104896
0.154221
0.129519
0.0804459
0.395274
0.547862
0.538689
0.0723633
0.119336
0.0942308
0.271394
0.168145
0.45125
0.366621
0.370976
0.439683
0.248167
0.275397
0.431457
0.371389
0.641558
0.208312
0.0476133
0.110487
0.410285
0.58542
0.335996
0.473096
0.459951
0.14584
0.17327
0.218153
0.381771
0.575424
0.132015
0.155172
0.21407
0.153133
0.113189
0.166981
0.286576
0.193156
0.06365
0.533791
0.200978
0.58404
0.130045
0.0796865
0.298371
0.320169
0.130428
0.339834
0.327995
0.422917
0.565225
0.442064
0.0693268
0.417378
0.0778326
0.136054
0.4009
0.205122
0.307467
0.137123
0.174597
0.228008
0.253394
0.438
0.386541
0.283454
0.562824
0.101832
0.606711
0.197338
0.647116
0.436595
0.244005
0.112314
0.205781
0.456376
0.15926
0.200359
0.3645
0.17328
0.41665
0.216288
0.173939
0.0671858
0.243881
0.118802
0.464727
0.0282951
0.234198
0.452412
0.353727
0.0753821
0.390902
0.16871
0.131351
0.220355
0.609018
0.268349
0.53056
0.108616
0.264151
0.150675
0.352174
0.136892
0.290479
0.131417
0.136078
0.352045
0.440722
0.078358
0.52071
0.401051
0.675
0.106264
0.0760588
0.0761108
0.0533769
0.402258
0.0884345
0.705568
0.28696
0.313394
0.426802
0.194466
0.0263193
0.262296
0.104182
0.427914
0.353276
0.183375
0.674192
0.336711
0.311872
0.202171
0.376794
0.272707
0.247428
0.280149
0.323715
0.199483
0.17224
0.146064
0.329286
0.105868
0.0442438
0.264444
0.113724
0.394334
0.115865
0.246321
0.29964
0.380371
0.254888
0.196973
0.55168
0.0895236
0.649139
0.439495
0.0753149
0.114109
0.0750122
0.330156
0.27435
0.262191
0.255127
0.165952
0.212245
0.260583
0.158333
0.413804
0.194278
0.0602021
0.103271
0.103375
0.0681222
0.234266
0.479484
0.392245
0.207478
0.377827
0.292242
0.125236
0.26073
0.145484
0.173265
0.183191
0.347222
0.17938
0.266981
0.24688
0.122697
0.225226
0.302244
0.150771
0.209032
0.308157
0.0462209
0.0801619
0.444311
0.161571
0.173718
0.232955
0.231135
0.214009
0.245532
0.511538
0.138798
0.144635
0.185437
0.109334
0.385302
0.299
0.127677
0.444792
0.139783
0.29309
0.519311
0.260613
0.340157
0.385602
0.352941
0.45221
0.503375
0.17758
0.192017
0.465188
0.140499
0.0669589
0.161638
0.231795
0.0835607
0.0943947
0.310887
0.254194
0.418919
0.155027
0.190211
0.10562
0.0938068
0.109433
0.168962
0.415942
0.379025
0.534397
0.173148
0.317294
0.126172
0.14837
0.243868
0.184866
0.372678
0.0545158
0.406634
0.1181
0.120986
0.139704
0.686004
0.194645
0.0630003
0.0976955
0.122732
0.246199
0.34621
0.231856
0.26129
0.107279
0.218746
0.0633492
0.383987
0.482619
0.195298
0.0652818
0.115753
0.307228
0.454232
0.0743419
0.0702388
0.120242
0.164046
0.453913
0.297683
0.309822
0.156018
0.179924
0.370175
0.19868
0.256065
0.237793
0.337385
0.240241
0.136013
0.467957
0.353226
0.416496
0.321504
0.689601
0.271177
0.404449
0.0972486
0.109876
0.183985
0.594467
0.606202
0.184769
0.134423
0.110474
0.0426116
0.180229
0.0792541
0.11316
0.365596
0.0915642
0.517332
0.493316
0.355762
0.205172
0.250386
0.0680396
0.140239
0.0840662
0.318119
0.487902
0.0594196
0.23111
0.12001
0.135697
0.330323
0.3112
0.251852
0.136415
0.125357
0.18342
0.290459
0.164095
0.431159
0.574922
0.188902
0.306856
0.0857026
0.345767
0.15188
0.292155
0.317057
0.210495
0.629172
0.338201
0.225175
0.0885822
0.368171
0.407894
0.0754637
0.368752
0.354681
0.29605
0.191866
0.155361
0.302905
0.125079
0.131654
0.250531
0.32487
0.158825
0.500977
0.287462
0.287899
0.105786
0.138434
0.07532
0.324091
0.179627
0.272195
0.228578
0.203884
0.251214
0.449074
0.0706891
0.318492
0.25842
0.1356
0.226814
0.0294304
0.475331
0.250891
0.196755
0.593487
0.268755
0.289661
0.120886
0.0727423
0.317143
0.294529
0.126839
0.148995
0.126477
0.330523
0.15206
0.359982
0.0588608
0.163554
0.145677
0.695425
0.164931
0.52738
0.146318
0.276062
0.437419
0.136616
0.606025
0.0591398
0.619632
0.121695
0.12816
0.0628183
0.0735399
0.0729678
0.227072
0.539711
0.642678
0.36073
0.199918
0.406883
0.292
0.0578547
0.321608
0.0626312
0.106732
0.694401
0.25587
0.708935
0.218968
0.141561
0.433876
0.251419
0.222222
0.109541
0.24143
0.481203
0.210964
0.0975523
0.6052
0.5
0.104736
0.449234
0.0647973
0.362056
0.155874
0.0988696
0.376296
0.263679
0.214764
0.0997124
0.164462
0.173754
0.280988
0.0944742
0.139361
0.178794
0.348005
0.288679
0.236305
0.0522132
0.434646
0.323224
0.159859
0.654447
0.241041
0.484188
0.0216513
0.318397
0.295611
0.392948
0.452768
0.107134
0.34677
0.098182
0.239672
0.490667
0.449391
0.430929
0.578
0.122408
0.0633123
0.457936
0.470238
0.549945
0.15139
0.13258
0.0722222
0.206897
0.104478
0.116502
0.114847
0.313321
0.30504
0.0754641
0.372487
0.446111
0.155155
0.202248
0.142488
0.0827846
0.232403
0.3
0.166071
0.267436
0.42149
0.081444
0.256246
0.364169
0.147132
0.114641
0.316945
0.20234
0.092799
0.1143
0.0384774
0.0989115
0.451491
0.0888102
0.174033
0.0903885
0.097628
0.214286
0.2113
0.246959
0.0977506
0.0843464
0.323662
0.266023
0.258017
0.0945787
0.105199
0.111741
0.358984
0.344393
0.604932
0.157433
0.095852
0.0883721
0.0848636
0.302114
0.505903
0.160225
0.1538
0.105322
0.367421
0.138962
0.0633681
0.333876
0.372934
0.466346
0.0872502
0.0698687
0.100739
0.0648027
0.505721
0.351769
0.40133
0.0700529
0.653291
0.323646
0.435615
0.173345
0.33189
0.172196
0.643805
0.105262
0.648386
0.502523
0.442308
0.0779672
0.547126
0.238364
0.112554
0.29066
0.289764
0.14981
0.41923
0.194175
0.160425
0.188695
0.0829065
0.170563
0.213546
0.217118
0.0636057
0.308637
0.307977
0.373749
0.12038
0.18254
0.170679
0.372783
0.0629364
0.39957
0.384979
0.157193
0.264409
0.176609
0.274845
0.16343
0.198336
0.276498
0.180493
0.204148
0.189849
0.365206
0.07393
0.341671
0.064392
0.241629
0.0560894
0.215852
0.0647646
0.17783
0.513078
0.261905
0.203762
0.412188
0.268328
0.577966
0.184106
0.342724
0.597133
0.661657
0.225492
0.176139
0.684641
0.185345
0.162725
0.195215
0.634371
0.0925278
0.34322
0.0705595
0.0791139
0.21415
0.250624
0.47594
0.121552
0.268839
0.110337
0.0863719
0.28214
0.332392
0.0751937
0.30045
0.142593
0.0661215
0.152068
0.477034
0.128606
0.0883468
0.101206
0.222035
0.0727101
0.372195
0.066982
0.621503
0.125109
0.11867
0.504651
0.454797
0.0953907
0.218223
0.092517
0.273895
0.403414
0.100199
0.121972
0.200708
0.487179
0.443712
0.088145
0.0905806
0.35125
0.475369
0.0595046
0.06241
0.205102
0.548833
0.673986
0.118695
0.601883
0.120239
0.259372
0.219583
0.064538
0.216497
0.671356
0.406941
0.398531
0.0839175
0.343307
0.105164
0.129299
0.274704
0.274163
0.166193
0.262285
0.0801749
0.670447
0.356113
0.208699
0.130946
0.282346
0.30326
0.26631
0.168456
0.374929
0.0862054
0.262999
0.0834482
0.37037
0.138489
0.162782
0.0928824
0.358252
0.202688
0.297324
0.395893
0.174519
0.463397
0.0864717
0.28085
0.139793
0.0813456
0.175305
0.0646438
0.251676
0.476923
0.171717
0.164526
0.337634
0.23674
0.393607
0.214337
0.538378
0.554258
0.0854841
0.0722569
0.103476
0.301075
0.0904384
0.438786
0.540431
0.153586
0.148924
0.155987
0.0653323
0.101075
0.250808
0.245515
0.253573
0.0282116
0.350101
0.293891
0.406061
0.0383509
0.0509339
0.240972
0.521897
0.318433
0.0754981
0.206429
0.441532
0.187
0.105187
0.17433
0.32366
0.499462
0.482543
0.333764
0.133639
0.130787
0.0791299
0.118573
0.17915
0.435602
0.109274
0.0702967
0.126221
0.111053
0.547669
0.296296
0.0190367
0.248101
0.49899
0.0759442
0.475393
0.695418
0.636581
0.211835
0.522552
0.25231
0.18317
0.213554
0.104449
0.240096
0.636144
0.071736
0.255344
0.0940704
0.109784
0.400641
0.256746
0.199301
0.486952
0.191394
0.0847576
0.242542
0.101816
0.549055
0.161123
0.380117
0.302871
0.15292
0.279517
0.157399
0.520615
0.108604
0.461719
0.295739
0.361626
0.245418
0.350071
0.133333
0.206218
0.398057
0.147384
0.083047
0.388053
0.43931
0.384241
0.202098
0.235718
0.245726
0.0812759
0.237742
0.22687
0.204838
0.30075
0.0650883
0.366501
0.179337
0.226252
0.0760414
0.507272
0.200131
0.416576
0.285018
0.0616473
0.0598729
0.132308
0.551715
0.478998
0.597749
0.222291
0.111915
0.128584
0.111133
0.46058
0.202237
0.25854
0.479007
0.107527
0.439633
0.297122
0.493329
0.0799188
0.0876823
0.0678324
0.256538
0.312645
0.427314
0.526698
0.2718
0.101897
0.158552
0.0655093
0.0590291
0.109277
0.260339
0.0743756
0.0808718
0.306911
0.318776
0.0688536
0.0695305
0.213923
0.0771389
0.129411
0.104582
0.416667
0.119694
0.0689291
0.151155
0.187665
0.0989549
0.122652
0.305108
0.608171
0.22606
0.451389
0.192318
0.351625
0.325931
0.0972783
0.0746268
0.0954393
0.14363
0.11778
0.344118
0.108346
0.230104
0.437719
0.110061
0.0699292
0.737522
0.143008
0.108384
0.102357
0.397653
0.07224
0.123705
0.0726525
0.669231
0.3051
0.098973
0.504884
0.139244
0.378807
0.178072
0.0709106
0.065132
0.369305
0.400437
0.184248
0.533784
0.144151
0.105192
0.276407
0.149392
0.13662
0.353626
0.0784957
0.190408
0.214695
0.579121
0.453481
0.236889
0.30124
0.0835623
0.141577
0.40957
0.150334
0.280375
0.296845
0.136054
0.191062
0.131816
0.337437
0.333499
0.169602
0.187883
0.126882
0.418619
0.0795091
0.0736251
0.11525
0.0566347
0.0701293
0.30601
0.199579
0.24511
0.0938513
0.357499
0.167435
0.585964
0.268513
0.271289
0.289773
0.0327223
0.0773735
0.125524
0.136111
0.620094
0.439488
0.201727
0.18441
0.100568
0.197548
0.359937
0.478598
0.152036
0.10364
0.29993
0.32478
0.14778
0.284188
0.0588421
0.260105
0.290595
0.291153
0.272914
0.49435
0.0682194
0.300932
0.309592
0.402021
0.542857
0.120512
0.289921
0.492611
0.124263
0.305546
0.0923092
0.086039
0.460183
0.102546
0.0718836
0.123291
0.0784061
0.132911
0.27139
0.0863807
0.469854
0.0976943
0.204427
0.270753
0.398881
0.42024
0.333314
0.244163
0.215703
0.0638469
0.287519
0.0774285
0.268293
0.0646371
0.367998
0.108411
0.397157
0.449015
0.321088
0.0546448
0.137377
0.076375
0.428406
0.379191
0.0836423
0.209272
0.280695
0.306271
0.186953
0.106306
0.209268
0.127779
0.16708
0.100861
0.164553
0.315244
0.227426
0.302212
0.100402
0.284211
0.376705
0.272653
0.110263
0.336003
0.235114
0.109539
0.165899
0.591045
0.243125
0.289773
0.210843
0.438267
0.21489
0.0738317
0.334588
0.156526
0.720317
0.312783
0.0870401
0.153311
0.0972204
0.604022
0.2868
0.697073
0.474345
0.311856
0.23165
0.354033
0.306912
0.075875
0.0922817
0.256907
0.564672
0.185881
0.266548
0.101359
0.0933726
0.437705
0.114979
0.383929
0.0846364
0.0975976
0.244649
0.0720766
0.203568
0.500484
0.103183
0.0933306
0.0797779
0.137672
0.093007
0.263281
0.125374
0.263541
0.162848
0.0527626
0.0953812
0.163117
0.125591
0.191365
0.179214
0.102959
0.0922034
0.418164
0.154442
0.131233
0.10851
0.567326
0.241935
0.0829726
0.121188
0.0878765
0.114113
0.345486
0.486684
0.0971591
0.281291
0.134286
0.0986767
0.531977
0.0770736
0.130565
0.11123
0.302387
0.441594
0.137097
0.115873
0.16793
0.0723088
0.141111
0.283792
0.488543
0.0625117
0.245337
0.314483
0.203245
0.0889715
0.149567
0.0656754
0.155519
0.0722751
0.107152
0.340875
0.0765767
0.0717943
0.140469
0.24119
0.0724534
0.151721
0.0736756
0.197628
0.28466
0.449097
0.235713
0.0721939
0.291498
0.195913
0.509753
0.245582
0.402456
0.394955
0.507834
0.272717
0.0968199
0.22873
0.0992037
0.0760388
0.419179
0.341591
0.0979112
0.385816
0.0397188
0.0835297
0.18265
0.184003
0.0838877
0.182195
0.248129
0.255105
0.285192
0.342732
0.0716003
0.358447
0.0840346
0.0749033
0.408758
0.472749
0.264856
0.144962
0.220011
0.196078
0.184066
0.180623
0.313795
0.0987063
0.232726
0.0686399
0.14857
0.203216
0.0899798
0.133493
0.742125
0.682258
0.361392
0.265763
0.247188
0.137231
0.279835
0.131159
0.13023
0.14846
0.0957068
0.11862
0.65082
0.138247
0.14773
0.366989
0.118072
0.327898
0.260618
0.425341
0.411577
0.408097
0.353345
0.347741
0.122816
0.461909
0.134511
0.28173
0.375755
0.475133
0.0699235
0.412168
0.267996
0.128293
0.389912
0.321835
0.302063
0.158213
0.286517
0.134586
0.35338
0.12785
0.391023
0.178189
0.110131
0.611519
0.167022
0.353654
0.65406
0.344432
0.579485
0.0509239
0.126631
0.0998221
0.42549
0.148617
0.0758082
0.197886
0.120391
0.123913
0.177947
0.213971
0.359841
0.0636775
0.438312
0.347265
0.195291
0.221171
0.298984
0.397883
0.169157
0.359911
0.535579
0.0933143
0.354341
0.414103
0.158453
0.354243
0.101959
0.13539
0.255975
0.415222
0.145909
0.474973
0.108174
0.238147
0.31768
0.20331
0.0722336
0.182954
0.106269
0.111103
0.114568
0.594152
0.114448
0.165189
0.290759
0.374277
0.359955
0.0783039
0.129967
0.0775983
0.30993
0.165252
0.112949
0.101032
0.0624819
0.391975
0.379961
0.0697292
0.269718
0.275615
0.652634
0.133873
0.31872
0.0905375
0.0726749
0.346272
0.218131
0.133836
0.290326
0.0981443
0.119455
0.308391
0.625589
0.231285
0.0804478
0.434872
0.318786
0.416693
0.417949
0.124934
0.161245
0.102377
0.344285
0.0957181
0.404941
0.182841
0.382724
0.0629488
0.0778018
0.153353
0.0666308
0.0766004
0.390614
0.154344
0.447404
0.226216
0.330991
0.184994
0.164813
0.176871
0.0734691
0.328924
0.584045
0.699424
0.181287
0.309191
0.337868
0.140781
0.227479
0.0947871
0.621342
0.236968
0.221485
0.166154
0.35397
0.215973
0.0889371
0.069797
0.100178
0.609381
0.207053
0.0675549
0.485514
0.141192
0.172587
0.115413
0.0819333
0.263309
0.486131
0.449223
0.468531
0.515958
0.234727
0.118624
0.216835
0.582407
0.126749
0.223464
0.544521
0.0581069
0.368684
0.356067
0.175123
0.33575
0.117117
0.451869
0.366266
0.150271
0.0996396
0.0862904
0.196234
0.159075
0.413903
0.157341
0.161524
0.0712209
0.290575
0.298479
0.0754938
0.0856576
0.262251
0.290355
0.0786435
0.199475
0.158316
0.213225
0.19421
0.210037
0.0732277
0.197484
0.487855
0.371633
0.337428
0.0804905
0.0940907
0.0677575
0.14352
0.132211
0.11734
0.171807
0.527283
0.0490644
0.0775653
0.217006
0.0783351
0.473345
0.328542
0.087988
0.298461
0.280492
0.338235
0.37152
0.301954
0.117749
0.417722
0.0898588
0.170247
0.0904159
0.381544
0.067651
0.136407
0.0827061
0.247261
0.0767184
0.295356
0.0750366
0.347571
0.0691281
0.247477
0.664444
0.120686
0.102075
0.126976
0.308081
0.446523
0.0954322
0.276477
0.0769811
0.14497
0.287879
0.0868458
0.175081
0.501241
0.574187
0.739114
0.220808
0.516992
0.0954062
0.338704
0.305034
0.14567
0.197578
0.254713
0.343195
0.180834
0.36565
0.555717
0.115925
0.11462
0.167474
0.210433
0.0796748
0.226023
0.322575
0.640054
0.239587
0.230908
0.119506
0.0800517
0.138631
0.429636
0.318658
0.185324
0.408273
0.63482
0.181435
0.428415
0.277903
0.394814
0.110559
0.223158
0.34621
0.128867
0.543315
0.090983
0.138657
0.163617
0.371633
0.148438
0.439903
0.0680237
0.143483
0.135501
0.161561
0.265631
0.179375
0.101689
0.361326
0.181613
0.623613
0.1269
0.268966
0.528
0.548148
0.110371
0.420623
0.373569
0.353954
0.310985
0.621189
0.164189
0.0661139
0.368989
0.352301
0.392978
0.127261
0.073211
0.113296
0.254492
0.318558
0.109585
0.0802635
0.3051
0.212866
0.0878417
0.109408
0.334327
0.0966711
0.124434
0.448788
0.114846
0.378557
0.309029
0.190733
0.308528
0.301044
0.443613
0.076001
0.108291
0.19595
0.0691823
0.471267
0.441894
0.11218
0.421232
0.457945
0.209193
0.272673
0.284651
0.288029
0.131786
0.0943918
0.58644
0.116902
0.31917
0.325395
0.177969
0.30254
0.196825
0.33163
0.11618
0.0927067
0.185875
0.0977702
0.796003
0.272342
0.402792
0.091588
0.171311
0.0578367
0.0666222
0.0764672
0.114525
0.18956
0.132535
0.281938
0.34026
0.177529
0.246834
0.298894
0.101388
