0.482301
0.775347
0.739863
0.414474
0.202326
0.21382
0.753542
0.563585
0.195758
0.747236
0.527981
0.406902
0.546613
0.00692524
0.132746
0.504521
0.421619
0.417671
0.707608
0.738817
0.734912
0.835165
0.374563
0.719826
0.283596
0.575024
0.485997
0.22033
0.305517
0.686586
0.677586
0.632941
0.399011
0.335963
0.0870411
0.693276
0.277135
0.780895
0.416342
0.658928
0.782884
0.219287
0.772345
0.526912
0.888916
0.430965
0.656639
0.639414
0.768575
0.798078
0.755212
0.701684
0.10545
0.425328
0.420113
0.552812
0.70295
0.806241
0.170885
0.445636
0.116001
0.306927
0.187176
0.541907
0.0536887
0.152187
0.456419
0.762213
0.248882
0.458031
0.276145
0.737105
0.158708
0.740891
0.529052
0.377348
0.710255
0.685588
0.737165
0.3993
0.706456
0.798787
0.367677
0.381016
0.755084
0.228377
0.700491
0.717807
0.446734
0.849525
0.470641
0.795744
0.479242
0.611273
0.390077
0.754983
0.802354
0.691405
0.336584
0.760922
0.618786
0.792422
0.81665
0.462805
0.384989
0.759192
0.731039
0.156235
0.729121
0.643771
0.367313
0.638091
0.398026
0.398923
0.478172
0.718436
0.757706
0.48955
0.775831
0.273944
0.419415
0.395574
0.0101786
0.225748
0.410348
0.763263
0.824065
0.492349
0.709831
0.396859
0.210407
0.475182
0.392457
0.754635
0.762623
0.566227
0.805816
0.712314
0.753285
0.666395
0.774328
0.691193
0.499003
0.298542
0.54267
0.698405
0.583668
0.0720222
0.657946
0.36717
0.720589
0.388116
0.459267
0.389016
0.514692
0.481649
0.688649
0.804112
0.630217
0.576862
0.767788
0.284524
0.173417
0.613235
0.715364
0.765153
0.331136
0.794888
0.677217
0.72014
0.730994
0.761275
0.369187
0.387922
0.634933
0.767578
0.701336
0.654569
0.749805
0.820935
0.509569
0.660344
0.772679
0.273406
0.25864
0.699167
0.467345
0.730037
0.706824
0.678282
0.815451
0.784581
0.349327
0.730343
0.710101
0.258556
0.3503
0.366784
0.644926
0.719713
0.742308
0.671827
0.444754
0.775821
0.743519
0.462834
0.32497
0.766839
0.613953
0.35985
0.486074
0.304214
0.378047
0.460411
0.599955
0.243897
0.788265
0.468516
0.470421
0.715576
0.707481
0.730323
0.319563
0.660498
0.260117
0.487177
0.795864
0.471416
0.486542
0.694746
0.668995
0.386272
0.798645
0.665553
0.395771
0.704348
0.710921
0.774487
0.795097
0.561705
0.652418
0.838761
0.735725
0.389761
0.649591
0.326941
0.701294
0.764866
0.687113
0.705691
0.404032
0.741385
0.828507
0.678749
0.829079
0.758458
0.425514
0.177033
0.726033
0.267143
0.141299
0.239854
0.14434
0.236548
0.755378
0.795567
0.449048
0.640768
0.754902
0.668291
0.459404
0.16026
0.0465116
0.314529
0.267426
0.782634
0.288215
0.414575
0.8207
0.435098
0.763161
0.673751
0.480713
0.231305
0.637786
0.439981
0.339719
0.382015
0.606066
0.712476
0.537591
0.287584
0.684581
0.265464
0.596755
0.371418
0.416207
0.570584
0.799496
0.583553
0.783401
0.729517
0.636557
0.832124
0.762564
0.698097
0.790095
0.727764
0.543366
0.37284
0.753569
0.64031
0.618022
0.736876
0.820971
0.526787
0.380397
0.422379
0.0880792
0.280966
0.379682
0.37595
0.536986
0.164905
0.688521
0.730724
0.307251
0.537901
0.648539
0.313406
0.298216
0.706349
0.647406
0.697162
0.437077
0.71336
0.729913
0.8079
0.421403
0.764465
0.749773
0.761964
0.703849
0.798998
0.326959
0.372899
0.781875
0.697604
0.564184
0.468391
0.71341
0.481245
0.448033
0.538985
0.279572
0.833251
0.78125
0.723214
0.204138
0.683702
0.432266
0.530454
0.715195
0.730985
0.378755
0.0500959
0.797147
0.706738
0.70703
0.096752
0.650244
0.291472
0.781752
0.764465
0.639264
0.458947
0.724609
0.156386
0.702514
0.643584
0.6
0.737109
0.658557
0.478575
0.396013
0.590898
0.717547
0.751321
0.769877
0.748727
0.70525
0.316342
0.687959
0.743541
0.483957
0.688377
0.702619
0.781016
0.765706
0.74382
0.455339
0.121065
0.42969
0.737447
0.756674
0.249853
0.795391
0.596042
0.463152
0.380695
0.342809
0.699356
0.32494
0.808522
0.66681
0.715498
0.0899426
0.420075
0.246511
0.75846
0.653061
0.543411
0.733708
0.85474
0.343804
0.71278
0.352756
0.377784
0.399664
0.366243
0.262426
0.420677
0.513043
0.323262
0.4667
0.726943
0.802348
0.38029
0.740786
0.378777
0.235479
0.688294
0.770351
0.442636
0.910877
0.621579
0.616071
0.722436
0.63298
0.684817
0.625223
0.482387
0.451507
0.760257
0.0751694
0.68377
0.465809
0.675187
0.653783
0.734226
0.841556
0.551338
0.517443
0.366872
0.365706
0.436373
0.38854
0.741837
0.496887
0.384001
0.201745
0.726116
0.797218
0.7364
0.509767
0.050461
0.654187
0.755672
0.503294
0.389826
0.167674
0.517751
0.611148
0.330191
0.443072
0.744325
0.772104
0.432065
0.791308
0.743665
0.796884
0.605403
0.412839
0.227733
0.370088
0.706137
0.715484
0.481441
0.74698
0.650916
0.752137
0.76654
0.757734
0.752968
0.316351
0.376564
0.71599
0.276078
0.741459
0.324034
0.716959
0.830965
0.703587
0.307538
0.636447
0.779101
0.682069
0.749502
0.352761
0.134121
0.777602
0.796148
0.656355
0.203301
0.348828
0.743279
0.380883
0.639733
0.636542
0.58026
0.788907
0.549983
0.20437
0.699449
0.670636
0.37801
0.721957
0.748039
0.696112
0.437279
0.791854
0.796263
0.608261
0.646402
0.496845
0.726218
0.449034
0.539701
0.679361
0.587049
0.463659
0.40118
0.323149
0.806841
0.700389
0.768232
0.748349
0.84096
0.808556
0.746754
0.790634
0.776914
0.720635
0.699758
0.745706
0.757158
0.749923
0.760899
0.633838
0.773411
0.752978
0.68992
0.52646
0.490352
0.490648
0.341245
0.669828
0.81179
0.631205
0.723366
0.679359
0.362976
0.74196
0.537494
0.676073
0.657337
0.775803
0.706848
0.806108
0.758375
0.673274
0.674279
0.73388
0.376364
0.332239
0.26618
0.74569
0.744977
0.774884
0.630758
0.238484
0.436586
0.430534
0.660674
0.676205
0.724127
0.486328
0.423206
0.678264
0.700016
0.222662
0.650597
0.77134
0.705023
0.678856
0.458399
0.69805
0.636489
0.719097
0.609798
0.513393
0.41148
0.389388
0.558292
0.740858
0.635008
0.418019
0.775878
0.641358
0.625224
0.787766
0.342795
0.443801
0.419797
0.412606
0.702866
0.790731
0.708189
0.286259
0.862511
0.653229
0.506726
0.769685
0.722359
0.683991
0.311594
0.580508
0.62768
0.753588
0.759021
0.499601
0.569938
0.769751
0.606557
0.713182
0.480576
0.721363
0.771841
0.763128
0.71104
0.687691
0.67693
0.293179
0.70011
0.82886
0.753672
0.664675
0.0804862
0.753375
0.620158
0.489842
0.6865
0.63823
0.759647
0.399086
0.686454
0.684917
0.755469
0.507518
0.631757
0.436734
0.374768
0.762093
0.732619
0.303394
0.104546
0.747698
0.413571
0.771064
0.236543
0.735889
0.664444
0.664292
0.509726
0.442454
0.361566
0.628334
0.87348
0.781148
0.662082
0.265097
