0.409271
0.49812
0.88091
0.660269
0.405286
0.805259
0.726316
0.757565
0.678094
0.751975
0.79714
0.370484
0.839199
0.759863
0.715785
0.799911
0.277862
0.373917
0.57535
0.549568
0.726792
0.740287
0.408769
0.333484
0.62342
0.701192
0.352033
0.391667
0.716726
0.668662
0.672491
0.709095
0.763107
0.736109
0.383818
0.437074
0.611012
0.210027
0.488141
0.733768
0.66856
0.56862
0.343574
0.543844
0.565137
0.708222
0.637199
0.511062
0.790374
0.351974
0.636506
0.497946
0.253847
0.538776
0.355667
0.822678
0.631764
0.750362
0.786
0.13601
0.438132
0.252933
0.717497
0.671488
0.736081
0.368489
0.709741
0.68775
0.783122
0.335813
0.805146
0.517665
0.430482
0.385618
0.294465
0.363636
0.379908
0.51327
0.778399
0.353734
0.347833
0.391259
0.553689
0.645292
0.828379
0.348329
0.676923
0.285762
0.698565
0.574647
0.403296
0.822324
0.686549
0.75323
0.391301
0.72247
0.606392
0.774996
0.601035
0.800413
0.408786
0.488614
0.746093
0.537961
0.727435
0.59045
0.368315
0.334514
0.691593
0.0414924
0.626172
0.255852
0.342602
0.409352
0.555587
0.851724
0.418619
0.452884
0.710434
0.64513
0.290019
0.652504
0.759426
0.370972
0.404357
0.242083
0.372993
0.474177
0.644638
0.656893
0.356856
0.823185
0.615168
0.362236
0.703225
0.0936842
0.505667
0.692144
0.574972
0.793103
0.742641
0.265381
0.476832
0.515034
0.0802455
0.351648
0.748496
0.731673
0.332362
0.151648
0.611898
0.279752
0.302251
0.755165
0.734715
0.697744
0.8083
0.532475
0.743514
0.56771
0.421545
0.754575
0.617213
0.248042
0.336916
0.440304
0.550949
0.701626
0.781161
0.405797
0.713432
0.733384
0.792686
0.436827
0.436232
0.436343
0.701976
0.372681
0.743777
0.358954
0.74796
0.644486
0.618944
0.417151
0.731297
0.686445
0.56705
0.49468
0.751411
0.773722
0.288743
0.859788
0.697807
0.286252
0.702273
0.417269
0.72541
0.65906
0.0698005
0.718913
0.713693
0.359923
0.255935
0.653696
0.313267
0.317544
0.693032
0.440625
0.359736
0.45732
0.111115
0.79109
0.291568
0.606662
0.735767
0.692629
0.366621
0.744735
0.721252
0.313225
0.351725
0.656877
0.397741
0.640786
0.617211
0.727003
0.635552
0.347691
0.669794
0.75006
0.500524
0.709746
0.357179
0.438182
0.683183
0.674953
0.283334
0.421063
0.44062
0.772168
0.540364
0.750786
0.796151
0.352112
0.688871
0.759568
0.457705
0.557625
0.696935
0.378285
0.372535
0.39864
0.326019
0.759554
0.300047
0.794883
0.820492
0.240912
0.423983
0.350078
0.385584
0.0767324
0.139762
0.127842
0.446386
0.248604
0.111109
0.69419
0.727181
0.086369
0.776014
0.726216
0.506261
0.634287
0.317687
0.802344
0.478908
0.784837
0.310855
0.396786
0.772889
0.328489
0.730744
0.437443
0.465701
0.706247
0.203151
0.627488
0.804729
0.399664
0.22015
0.397058
0.768379
0.46487
0.352018
0.514885
0.720523
0.312361
0.854105
0.40451
0.716975
0.748271
0.807569
0.756275
0.203113
0.441447
0.504845
0.711158
0.669609
0.0393291
0.100658
0.471462
0.273024
0.714841
0.246672
0.642739
0.798933
0.464199
0.666916
0.73
0.275188
0.495428
0.244671
0.678741
0.625263
0.122666
0.676859
0.0126461
0.556695
0.378741
0.465882
0.275304
0.539823
0.366502
0.485034
0.662186
0.336086
0.2643
0.703357
0.13061
0.159941
0.442201
0.230527
0.706924
0.730634
0.733864
0.383361
0.736714
0.333358
0.861638
0.422851
0.678721
0.702699
0.721114
0.692776
0.243649
0.751267
0.808147
0.681141
0.762783
0.795663
0.712546
0.453579
0.65828
0.314181
0.389347
0.635094
0.753162
0.378788
0.504752
0.427802
0.338036
0.361345
0.552536
0.43574
0.484989
0.719241
0.724127
0.608495
0.784656
0.779612
0.602236
0.736789
0.395089
0.436542
0.799623
0.65
0.764596
0.273632
0.760456
0.447653
0.63834
0.740385
0.63845
0.623674
0.781753
0.441316
0.405834
0.656149
0.560091
0.453532
0.42055
0.773834
0.668731
0.708357
0.731134
0.693066
0.439535
0.369887
0.295011
0.271167
0.503953
0.658463
0.746996
0.220054
0.324368
0.645224
0.717987
0.268337
0.758736
0.340587
0.369236
0.324934
0.797752
0.734982
0.394643
0.437875
0.72017
0.673002
0.671566
0.286446
0.122836
0.375624
0.624224
0.276987
0.762359
0.704094
0.793364
0.783748
0.338479
0.713036
0.576338
0.862069
0.488017
0.603251
0.852686
0.617256
0.729167
0.777324
0.506925
0.740634
0.482337
0.424847
0.487239
0.725564
0.734123
0.402825
0.722573
0.714654
0.559291
0.50034
0.713975
0.803388
0.469757
0.792098
0.263158
0.371521
0.7533
0.429
0.475537
0.709913
0.442306
0.103276
0.711526
0.127365
0.511013
0.607099
0.882525
0.729986
0.317404
0.706317
0.740474
0.695187
0.398863
0.769727
0.4378
0.702846
0.416372
0.729167
0.44386
0.479617
0.728946
0.426698
0.792442
0.458251
0.729573
0.402671
0.887037
0.263469
0.698725
0.210257
0.299354
0.313418
0.787782
0.744906
0.34309
0.520162
0.818318
0.409724
0.751173
0.700605
0.682065
0.449579
0.499573
0.747325
0.611382
0.430754
0.719127
0.79186
0.317533
0.566005
0.72749
0.725469
0.706458
0.318592
0.807975
0.761607
0.57588
0.268279
0.495197
0.694271
0.830197
0.510963
0.752363
0.467568
0.551619
0.442327
0.400693
0.383331
0.709118
0.410051
0.569507
0.617455
0.559691
0.820865
0.233402
0.456698
0.406578
0.340528
0.604703
0.728491
0.739696
0.747066
0.253956
0.302995
0.642892
0.8034
0.697286
0.775931
0.764319
0.598329
0.674491
0.621635
0.351921
0.761442
0.354189
0.751134
0.457449
0.732879
0.386246
0.659722
0.603637
0.757303
0.674459
0.827978
0.757926
0.525765
0.361131
0.694624
0.428296
0.357252
0.292483
0.147087
0.513501
0.728684
0.404394
0.724748
0.336763
0.607248
0.547386
0.689985
0.501869
0.327529
0.306423
0.566542
0.31381
0.331196
0.444226
0.413066
0.696858
0.764464
0.700757
0.552632
0.743669
0.317857
0.378438
0.673712
0.270232
0.284407
0.753562
0.663141
0.217292
