0.596356
0.406136
0.359223
0.248957
0.499135
0.547668
0.387626
0.307524
0.337322
0.290378
0.654374
0.28683
0.491841
0.505942
0.440864
0.456264
0.341194
0.497269
0.464209
0.668712
0.388612
0.599924
0.409437
0.448505
0.30658
0.476712
0.515229
0.519265
0.414455
0.432692
0.418478
0.539498
0.295556
0.547211
0.522807
0.322901
0.470689
0.741881
0.475192
0.56098
0.685697
0.427273
0.388754
0.427558
0.392031
0.542701
0.394025
0.418517
0.377834
0.483848
0.643516
0.533374
0.365607
0.594282
0.24725
0.414169
0.479385
0.47498
0.57769
0.461664
0.590129
0.579839
0.519988
0.546962
0.471286
0.332689
0.466923
0.586592
0.555181
0.505784
0.627554
0.448112
0.4
0.413556
0.462032
0.497318
0.410454
0.460639
0.531947
0.667507
0.227319
0.541334
0.362465
0.522633
0.68476
0.517471
0.509211
0.478898
0.277778
0.626289
0.481953
0.40201
0.195476
0.511199
0.442053
0.478115
0.355556
0.64443
0.564382
0.393133
0.732215
0.349057
0.398241
0.559287
0.647161
0.452934
0.459952
0.698356
0.57154
0.312953
0.566499
0.515047
0.280642
0.588333
0.333788
0.511152
0.268415
0.706107
0.610808
0.535714
0.441395
0.540767
0.346908
0.273506
0.491931
0.490914
0.601646
0.550135
0.471905
0.625053
0.372183
0.284642
0.297907
0.489947
0.556179
0.589547
0.415784
0.683293
0.443514
0.5293
0.254437
0.384109
0.449348
0.648305
0.452991
0.563471
0.498859
0.575637
0.552796
0.628856
0.617265
0.303668
0.372449
0.76691
0.82371
0.565476
0.108469
0.583152
0.441139
0.669911
0.646036
0.429825
0.396528
0.524496
0.419265
0.128552
0.378601
0.393701
0.391413
0.45848
0.355513
0.592535
0.454071
0.500508
0.558074
0.387402
0.547207
0.47619
0.630785
0.369632
0.362769
0.50156
0.434066
0.386935
0.456265
0.486871
0.372109
0.639654
0.521869
0.668261
0.336903
0.426554
0.392352
0.761526
0.498538
0.598782
0.388748
0.199393
0.355846
0.391073
0.538783
0.638741
0.607937
0.363141
0.503406
0.658576
0.456345
0.222372
0.478401
0.516572
0.56115
0.358807
0.411172
0.598639
0.373436
0.425775
0.263889
0.286101
0.362394
