0.794444
0.788066
0.711574
0.881793
0.685946
0.839956
0.783585
0.753329
0.68509
0.716475
0.345382
0.769189
0.868449
0.764043
0.779395
0.776234
0.403559
0.605114
0.545302
0.752745
0.815276
0.746978
0.514439
0.789269
0.448916
0.642137
0.729821
0.690537
0.659514
0.599127
0.487507
0.750515
0.750091
0.780314
0.599122
0.780711
0.762941
0.534091
0.862951
0.777651
0.685952
0.923533
0.627492
0.678726
0.847211
0.67904
0.798138
0.760547
0.793966
0.686857
0.64344
0.229352
0.768179
0.671101
0.783884
0.855199
0.782651
0.861299
0.788159
0.393985
0.580434
0.774589
0.521739
0.715789
0.776316
0.404949
0.821931
0.630098
0.772797
0.82705
0.849383
0.697341
0.741781
0.66658
0.777476
0.684017
0.49652
0.683344
0.820342
0.501385
0.684026
0.584894
0.618757
0.708343
0.385607
0.838503
0.787883
0.693302
0.324615
0.755535
0.813014
0.259344
0.76915
0.788676
0.598495
0.655253
0.298121
0.425101
0.771505
0.51765
0.638042
0.684204
0.828619
0.666518
0.634165
0.779649
0.68361
0.569903
0.720853
0.856196
0.77519
0.68196
0.783989
0.449918
0.73087
0.772975
0.779092
0.605178
0.669555
0.858885
0.809274
0.686597
0.843948
0.428711
0.73723
0.796958
0.872666
0.652653
0.579174
0.732374
0.687329
0.464416
0.726776
0.799681
0.44547
0.735925
0.823643
0.476695
0.767148
0.792234
0.742063
0.844375
0.695057
0.741313
0.637715
0.886636
0.591543
0.645933
0.639664
0.504226
0.681086
0.415121
0.807923
0.69422
0.604706
0.78687
0.785113
0.462451
0.748815
0.339763
0.556668
0.767309
0.853947
0.518754
0.278397
0.673976
0.822952
0.601308
0.889287
0.553658
0.586706
0.713013
0.358247
0.67824
0.81317
0.565399
0.557959
0.827924
0.733881
0.720525
0.761121
0.676326
0.752733
0.803097
0.658537
0.758249
0.735882
0.79594
0.742857
0.761836
0.750241
0.477029
0.803125
0.788597
0.582011
0.748315
0.666251
0.731532
0.704273
0.705311
0.4193
0.895536
0.584432
0.831864
0.628458
0.81857
0.448303
0.60714
0.682068
0.768695
0.741394
0.785938
0.820365
0.75846
0.509573
0.815943
0.783722
0.782331
0.616988
0.540783
0.766556
0.744793
0.748414
0.777864
0.856039
0.745404
0.711161
0.746279
0.743113
0.693971
0.76555
0.622586
0.742667
0.881301
0.470418
0.731869
0.458362
0.849782
0.784528
0.702153
0.852646
0.770192
0.774363
0.741438
0.535461
0.536665
0.585391
0.933165
0.359121
0.61256
0.676036
0.795164
0.802048
0.674769
0.70208
0.662932
0.746122
0.317659
0.0565584
0.514825
0.739698
0.492329
0.681688
0.697483
0.698008
0.746697
0.62069
0.823994
0.593017
0.567373
0.824565
0.384188
0.812325
0.643866
0.616821
0.890985
0.579353
0.750785
0.59545
0.532895
0.672409
0.568863
0.927151
0.627754
0.541515
0.771865
0.764295
0.758901
0.801452
0.764368
0.582292
0.361854
0.579808
0.477947
0.329556
0.828014
0.582178
0.642309
0.661467
0.772406
0.612053
0.794602
0.770833
0.708783
0.549386
0.899895
0.789798
0.657851
0.558495
0.692802
0.690702
0.372506
0.728718
0.687788
0.614299
0.818882
0.58177
0.872368
0.583285
0.679465
0.794659
0.637944
0.737837
0.674073
0.812736
0.913271
0.488506
0.839847
0.881445
0.869692
0.630175
0.446009
0.292468
0.585501
0.588381
0.687992
0.875405
0.539173
0.379237
0.803747
0.703928
0.95151
0.62485
0.769893
0.376068
0.713911
0.753959
0.70969
0.68534
0.868275
0.927503
0.435779
0.842553
0.825875
0.806751
0.703607
0.704599
0.574019
0.806727
0.71894
0.678262
0.71984
0.733725
0.752556
0.532226
0.63038
0.91716
0.762656
0.651055
0.411874
0.852174
0.823039
0.830721
0.413723
0.686325
0.723143
0.652109
0.500344
0.782336
0.65534
0.385455
0.639009
0.606543
0.792039
0.847917
0.75673
0.764777
0.558941
0.85166
0.702571
0.640861
0.718071
0.623979
0.60269
0.683843
0.785526
0.7418
0.788756
0.491292
0.808967
0.78468
0.842522
0.588282
0.612915
0.772131
0.704771
0.738916
0.443093
0.724301
0.131294
0.636912
0.56538
0.85736
0.747077
0.408345
0.541235
0.752254
0.942881
0.419643
0.447044
0.445114
0.686532
0.823096
0.542017
0.445455
0.579803
0.869743
0.751767
0.817558
0.716185
0.900097
0.414894
0.279504
0.71346
0.602756
0.819428
0.41534
0.583397
0.486949
0.807863
0.680237
0.840426
0.644053
0.839039
0.822876
0.743623
0.786951
0.44424
0.462162
0.351786
0.717117
0.68803
0.57334
0.616887
0.577799
0.81906
0.721037
0.759699
0.798847
0.761709
0.862733
0.361414
0.433673
0.718862
0.680216
0.937873
0.539398
0.826209
0.807583
0.672306
0.449773
0.333519
0.73312
0.771996
0.694195
0.49529
0.797505
0.795918
0.688679
0.781204
0.798557
0.679475
0.771343
0.856772
0.432
0.721574
0.700935
0.394541
0.5625
0.777621
0.621561
0.724399
0.712964
0.714305
0.830726
0.790716
0.511473
0.846114
0.487699
0.610267
0.645334
0.625853
0.799068
0.602352
0.757024
0.66526
0.844039
0.804982
0.866749
0.766984
0.826338
0.775794
0.598862
0.700932
0.719584
0.8426
0.587558
0.360556
0.767844
0.695765
0.799074
0.70434
0.677037
0.400462
0.688509
0.807574
0.770379
0.372659
0.4036
0.839914
0.788166
0.582307
0.647399
0.618255
0.792434
0.318746
0.778868
0.734316
0.744782
0.772633
0.671086
0.616505
0.520101
0.886994
0.627789
0.690174
0.789461
0.479956
0.405859
0.456808
0.639667
0.798106
0.839424
0.8862
0.692982
0.878286
0.618132
0.663011
0.558395
0.829587
0.412707
0.443237
0.521283
0.0379505
0.916087
0.269143
0.0256618
0.0479056
0.711522
0.643753
0.792937
0.324866
0.709877
0.805828
0.710066
0.739672
0.796603
0.69374
0.792287
0.433412
0.74589
0.399685
0.851583
0.538051
0.842294
0.45757
0.79059
0.675637
0.252108
0.761883
0.860465
0.749304
0.5514
0.414495
0.384535
0.789935
0.638032
0.682671
0.537931
0.310672
0.852682
0.298634
0.803571
0.791952
0.847989
0.650617
0.837415
0.726124
0.754444
0.37134
0.447717
0.791524
0.464396
0.689782
0.898059
0.320399
0.591616
0.760548
0.587063
0.748585
0.796253
0.695278
0.36567
0.874667
0.687481
0.801312
0.575669
0.79775
0.955029
0.541407
0.706241
0.668203
0.836538
0.737488
0.700049
0.765514
0.868393
0.901656
0.782587
0.573727
0.788333
0.573684
0.403274
0.664636
0.757965
0.864752
0.83796
0.800333
0.622096
0.619665
0.54173
0.750111
0.752209
0.728908
0.62477
0.826831
0.766843
0.773483
0.571569
0.747602
0.738342
0.89656
0.600202
0.68923
0.710928
0.479339
0.874926
0.768539
0.316301
0.694857
0.794044
0.654321
0.648539
0.835966
0.483985
0.7251
0.673729
0.614967
0.924738
0.84704
0.708496
0.558767
0.807644
0.869848
0.3949
0.847059
0.88002
0.632135
0.356528
0.575916
0.532999
0.901523
0.704386
0.873204
0.452667
0.666667
0.615961
0.826105
0.504518
0.760215
0.672161
0.591372
0.826641
0.432777
0.404005
0.814758
0.789955
0.603015
0.6468
0.827068
0.602529
0.75694
0.686697
0.59339
0.377034
0.405821
0.72473
0.526178
0.66688
0.817297
0.288027
0.413961
0.387988
0.901084
0.671979
0.737879
0.722547
0.785364
0.532162
0.430575
0.71831
0.776608
0.398096
0.54191
0.50593
0.830956
0.842407
0.680167
0.488827
0.635468
0.755483
0.831344
0.358859
0.725724
0.791381
0.771238
0.787064
0.804237
0.115
0.843902
0.289275
0.331376
0.824485
0.0732872
0.407646
0.36766
0.446492
0.658777
0.731008
0.426702
0.749454
0.858012
0.798225
0.721322
0.891323
0.884302
0.688828
0.67549
0.441952
0.435237
0.855254
0.828209
0.501316
0.834106
0.607144
0.65673
0.640305
0.567394
0.686925
0.432259
0.491772
0.757955
0.676453
0.865798
0.639638
0.847182
0.882696
0.824551
0.809298
0.452708
0.626032
0.272318
0.690702
0.421519
0.532778
0.759227
0.841155
0.535194
0.451031
0.861138
0.730627
0.6426
0.791222
0.359782
0.219567
0.461708
0.730435
0.780251
0.420147
0.689845
0.787159
0.746778
0.490456
0.660499
0.416595
0.328886
0.335052
0.541237
0.349144
0.655779
0.747242
0.772085
0.743129
0.637243
0.878489
0.531312
0.791012
0.876514
0.742287
0.514648
0.777854
0.656091
0.393443
0.679081
0.337522
0.688136
0.481681
0.649179
0.618759
0.60307
0.683489
0.793301
0.40931
0.319714
0.827236
0.650266
0.696294
0.327926
0.341969
0.482192
0.780631
0.771619
0.445158
0.631644
0.636877
0.906433
0.806281
0.654315
0.519279
0.327863
0.806643
0.677357
0.657255
0.679883
0.790442
0.768395
0.39031
0.373523
0.760475
0.24732
0.633528
0.407117
0.704987
0.437241
0.733082
0.82472
0.38746
0.569425
0.477602
0.48745
0.892016
0.727368
0.494418
0.635491
0.398352
0.637113
0.366749
0.532444
0.485753
0.523977
0.831309
0.384547
0.390026
0.691428
0.516983
0.627166
0.735359
0.65466
0.722952
0.517705
0.844543
0.81216
0.485866
0.49882
0.598069
0.670659
0.738335
0.775623
0.561923
0.513889
0.712861
0.657614
0.648787
0.458742
0.48284
0.789228
0.70126
0.342122
0.647321
0.62964
0.791572
0.84855
0.74522
0.831634
0.826943
0.764771
0.366864
0.814962
0.854606
0.42657
0.78914
