0.650531
0.134956
0.29955
0.382996
0.2313
0.33814
0.853733
0.46519
0.417984
0.530646
0.507165
0.413105
0.796732
0.513755
0.618071
0.544118
0.374469
0.535768
0.741467
0.343966
0.796524
0.57422
0.518005
0.438934
0.594488
0.187109
0.474138
0.634521
0.632479
0.577358
0.643548
0.615065
0.728693
0.654822
0.0906231
0.30303
0.612926
0.200617
0.184759
0.469505
0.458333
0.489535
0.225279
0.351139
0.199731
0.540281
0.528051
0.691774
0.740514
0.695455
0.27193
0.583697
0.725191
0.213853
0.601643
0.433925
0.362992
0.597438
0.782623
0.61904
0.570986
0.384524
0.421879
0.278122
0.296398
0.269167
0.597914
0.190248
0.19814
0.688519
0.52406
0.226564
0.357949
0.792478
0.117647
0.128051
0.488402
0.174737
0.126316
0.365739
0.0359241
0.038054
0.0232187
0.179405
0.540053
0.298078
0.638889
0.6156
0.296053
0.512477
0.485161
0.254825
0.759956
0.400345
0.0900124
0.380365
0.601536
0.73869
0.546858
0.231544
0.331336
0.428153
0.45983
0.510463
0.164201
0.469545
0.022523
0.396875
0.0813397
0.675325
0.538776
0.336412
0.351311
0.292367
0.695678
0.674699
0.272962
0.374239
0.226364
0.413238
0.352498
0.236627
0.085896
0.401392
0.686901
0.176939
0.668284
0.277149
0.527537
0.0759109
0.725342
0.459636
0.477335
0.633362
0.235404
0.705128
0.727371
0.539719
0.404513
0.595862
0.430338
0.390476
0.536636
0.27403
0.636262
0.551965
0.200077
0.70004
0.306818
0.546872
0.357441
0.617511
0.0772748
0.633345
0.585462
0.21896
0.680412
0.333979
0.638238
0.726975
0.215903
0.137953
0.903093
0.529145
0.469769
0.609913
0.588268
0.372996
0.666422
0.130095
0.127223
0.036036
0.406015
0.13613
0.102242
0.124081
0.411544
0.527955
0.618762
0.700424
0.249902
0.240087
0.543859
0.154888
0.454843
0.731617
0.696182
0.283003
0.580191
0.671418
0.338348
0.311751
0.65429
0.439565
0.658802
0.0979102
0.80129
0.506361
0.387052
0.262851
0.145562
0.495116
0.595314
0.502399
0.652326
0.353774
0.485636
0.170886
0.480516
0.457547
0.316951
0.534875
0.560817
0.217291
0.139357
0.549128
0.421656
0.672632
0.551074
0.234166
0.378912
0.114141
0.476923
0.398977
0.0704334
0.523285
0.118967
0.146443
0.187849
0.48196
0.0763207
0.245923
0.244395
0.415298
0.662429
0.469499
0.772059
0.330785
0.532071
0.477775
0.172891
0.753745
0.538246
0.426385
0.520786
0.0860565
0.445382
0.25472
0.537616
0.189927
0.1973
0.429622
0.722334
0.300908
0.26618
0.722602
0.643088
0.496237
0.625
0.165297
0.35694
0.357219
0.146652
0.379729
0.633595
0.564685
0.5494
0.638907
0.739487
0.610223
0.537733
0.39763
0.645395
0.290416
0.476721
0.0377917
0.621874
0.254872
0.171482
0.16317
0.424482
0.54689
0.425724
0.417461
0.583544
0.688215
0.473978
0.27354
0.476476
0.392869
0.603619
0.394149
0.334389
0.112654
0.482291
0.251636
0.371658
0.331952
0.240252
0.336078
0.546742
0.335191
0.191096
0.336957
0.0926457
0.0712159
0.111851
0.141256
0.526314
0.580099
0.380801
0.0654284
0.128632
0.295779
0.301292
0.549442
0.279396
0.561423
0.493212
0.485775
0.229814
0.231466
0.256178
0.396294
0.725801
0.424846
0.421168
0.277021
0.196228
0.513342
0.0896722
0.647578
0.463063
0.406409
0.104605
0.169898
0.381697
0.495337
0.546057
0.285498
0.468474
0.581764
0.15285
0.496055
0.723124
0.435805
0.27872
0.167695
0.668132
0.50277
0.377517
0.381584
0.410723
0.450889
0.222362
0.342894
0.509975
0.123396
0.610949
0.653379
0.418052
0.469907
0.399151
0.412358
0.748534
0.710439
0.681378
0.549064
0.4851
0.345423
0.221354
0.377539
0.274303
0.401369
0.326314
0.690426
0.337776
0.850706
0.453061
0.245496
0.460859
0.570595
0.785786
0.169118
0.268414
0.690909
0.727444
0.558675
0.721231
0.542058
0.43955
0.313662
0.63945
0.50387
0.298284
0.628503
0.831094
0.378085
0.0971684
0.219209
0.444653
0.47519
0.216284
0.421663
0.46273
0.309344
0.39507
0.328859
0.35481
0.331031
0.0893312
0.422777
0.12298
0.250953
0.476261
0.48546
0.775439
0.166374
0.21524
0.531144
0.117004
0.321465
0.155371
0.462447
0.416718
0.595541
0.294644
0.435685
0.577242
0.463736
0.32651
0.519286
0.617163
0.356106
0.409864
0.603792
0.503017
0.325659
0.547414
0.370725
0.533824
0.646406
0.335774
0.63263
0.786241
0.500174
0.743889
0.595533
0.449581
0.62
0.317756
0.65479
0.189493
0.379346
0.758285
0.676712
0.431445
0.492606
0.280465
0.23935
0.315752
0.47656
0.0474117
0.135703
0.432561
0.25455
0.272818
0.396002
0.495906
0.505766
0.152389
0.17681
0.457
0.571501
0.311509
0.388618
0.711864
0.324733
0.395879
0.254756
0.4696
0.382353
0.720541
0.310237
0.476983
0.503799
0.427614
0.480487
0.611081
0.215166
0.420635
0.283077
0.455601
0.657059
0.832724
0.433092
0.590535
0.166667
0.510695
0.466376
0.566917
0.485232
0.288337
0.329019
0.913006
0.309165
0.729912
0.794293
0.408974
0.473258
0.429835
0.559351
0.453024
0.495439
0.343661
0.606425
0.67918
0.431421
0.792998
0.546173
0.384624
0.0880196
0.661569
0.389932
0.393922
0.36644
0.384358
0.376461
0.714894
0.417407
0.487424
0.464128
0.6265
0.520798
0.125356
0.444583
0.688969
0.495914
0.425547
0.524575
0.84517
0.675704
0.477104
0.525159
0.835225
0.644549
0.721804
0.562286
0.0754986
0.551668
0.481579
0.513157
0.262003
0.337407
0.491134
0.489387
0.55474
0.234606
0.281877
0.515248
0.56928
0.345855
0.4301
0.460812
0.159801
0.35596
0.595423
0.505097
0.458269
0.316274
0.625037
0.190607
0.542698
0.618663
0.711111
0.0747028
0.648787
0.230973
0.486272
0.647822
0.425894
0.237477
0.224282
0.257045
0.645743
0.212368
0.265077
0.509676
0.272952
0.483962
0.268199
0.162451
0.538224
0.271035
0.561356
0.60075
0.638285
0.609779
0.403857
0.381075
0.304668
0.165455
0.358354
0.600647
0.531325
0.646665
0.166367
0.475817
0.294082
0.347336
0.69352
0.307359
0.611964
0.490951
0.697235
0.550822
0.198974
0.112734
0.300573
0.214785
0.170489
0.489845
0.357736
0.197211
0.650602
0.412587
0.289595
0.612705
0.303995
0.568466
0.504276
0.264474
0.169816
0.117172
0.146687
0.722959
0.453197
0.376995
0.243552
0.525118
0.301163
0.204337
0.567919
0.0737479
0.28342
0.336275
0.462289
0.0949884
0.496797
0.497903
0.336241
0.325581
0.117578
0.281633
0.299926
0.294215
0.410475
0.407052
0.431289
0.361964
0.595428
0.132309
0.22346
0.401644
0.265284
0.0699904
0.280488
0.428847
0.534696
0.380328
0.385882
0.577237
0.273955
0.414573
0.800983
0.420224
0.0929071
0.239222
0.377577
0.0917949
0.336932
0.63468
0.618039
0.321562
0.327959
0.276006
0.633087
0.354382
0.55903
0.602291
0.287173
0.209996
0.129518
0.43672
0.32111
0.101613
0.578967
0.262258
0.267869
0.412729
0.664729
0.840803
0.707442
0.613425
0.561594
0.759399
0.446403
0.47769
0.810422
0.48995
0.243582
0.25249
0.675845
0.464744
0.499473
0.508127
0.558438
0.181409
0.203495
0.25633
0.63121
0.508749
0.521577
0.158862
0.604781
0.472307
0.707574
0.455461
0.34078
0.1055
0.265174
0.537988
0.327004
0.621338
0.314811
0.250035
0.217677
0.186017
0.552195
0.74697
0.471153
0.586052
0.360284
0.67674
0.283288
0.639704
0.715054
0.113777
0.140199
0.744056
0.49238
0.859904
0.27764
0.417507
0.473652
0.348503
0.539423
0.13762
0.388286
0.479782
0.0604451
0.203458
0.517241
0.471276
0.149546
0.0591527
0.610336
0.0936441
0.429132
0.0952012
0.443159
0.20157
0.570323
0.310999
0.0374899
0.63546
0.171774
0.246236
0.796097
0.66088
0.0762032
0.301452
0.564179
0.592795
0.542158
0.368866
0.474718
0.560944
0.269973
0.376131
0.579724
0.325668
0.47486
0.518532
0.40079
0.446834
0.623986
0.849182
0.173746
0.304306
0.163825
0.133736
0.583051
0.290705
0.11992
0.526497
0.535079
0.0655251
0.242195
0.489442
0.26703
0.300828
0.242527
0.570231
0.449885
0.168831
0.130326
0.54107
0.439393
0.382775
0.495238
0.617838
0.753246
0.184732
0.669679
0.577827
0.458291
0.462492
0.86574
0.578313
0.626118
0.5
0.286788
0.864344
0.68695
0.613437
0.606584
0.45125
0.781072
0.777184
0.67941
0.166436
0.361592
0.605769
0.590393
0.518926
0.554466
0.566991
0.297068
0.427895
0.37317
0.54548
0.501608
0.363684
0.23301
0.28502
0.543398
0.653237
0.41584
0.408142
0.444617
0.181361
0.460491
0.423154
0.339531
0.327595
0.289019
0.0867959
0.654033
0.152879
0.435454
0.226884
0.703233
0.219916
0.537167
0.469408
0.735679
0.401284
0.558879
0.281065
0.0299367
0.458441
0.218139
0.236079
0.607308
0.569008
0.110657
0.617337
0.242381
0.286957
0.506203
0.630168
0.68311
0.767266
0.636939
0.607883
0.633251
0.643631
0.167829
0.255518
0.263217
0.57716
0.365471
0.69317
0.725027
0.650809
0.655895
0.220246
0.601266
0.294874
0.390626
0.639187
0.292695
0.671631
0.366734
0.471395
0.0584677
0.596164
0.349087
0.239146
0.646805
0.413433
0.556989
0.370171
0.497013
0.391109
0.62761
0.762242
0.524967
0.121918
0.352105
0.425022
0.480654
0.667669
0.211872
0.125492
0.0861538
0.406696
0.507483
0.257029
0.384539
0.250428
0.222014
0.711039
0.231079
0.266082
0.830688
0.254529
0.615448
0.072356
0.17868
0.140678
0.478125
0.48
0.458785
0.686764
0.0554113
0.0814459
0.221212
0.137436
0.760417
0.735404
0.18318
0.287619
0.2896
0.695612
0.725708
0.346809
0.555077
0.706298
0.458469
0.23207
0.30014
0.323671
0.502171
0.598753
0.632906
0.467701
0.503394
0.670737
0.479053
0.362934
0.596843
0.569167
0.371833
0.477193
0.680357
0.69808
0.439255
0.727273
0.116337
0.160601
0.484052
0.182132
0.568131
0.602467
0.212738
0.0667316
0.174755
0.324988
0.455007
0.790561
0.121599
0.587428
0.746753
0.59087
0.695336
0.198925
0.304683
0.611779
0.703846
0.25415
0.0919775
0.257985
0.180099
0.626716
0.584749
0.623712
0.433908
0.285011
0.368966
0.742453
0.528833
0.567451
0.516512
0.576966
0.729241
0.437626
0.0211738
0.823723
0.313636
0.237449
0.366806
0.496035
0.672868
0.36036
0.824117
0.488489
0.605171
0.650033
0.58125
0.0892853
0.403613
0.304136
0.74746
0.178971
0.444393
0.600561
0.336964
0.696192
0.498599
0.42733
0.732759
0.364193
0.709399
0.819672
0.649133
0.191594
0.318031
0.368628
0.387957
0.446406
0.640504
0.451485
0.488627
0.74136
0.33337
0.416061
0.311078
0.400516
0.298203
0.495338
0.504825
0.478581
0.199725
0.29139
0.675
0.67939
0.544736
0.743563
0.443751
0.604647
0.341436
0.594939
0.363127
0.222672
0.473834
0.397294
0.138861
0.155515
0.155729
0.706741
0.412172
0.165115
0.0418569
0.447552
0.262812
0.494528
0.216254
0.224594
0.629584
0.730817
0.622897
0.88141
0.545998
0.490196
0.606106
0.362704
0.541978
0.552632
0.389367
0.230297
0.49049
0.482162
0.75995
0.251055
0.628249
0.379063
0.313575
0.527191
0.557834
0.626009
0.737981
0.667727
0.634221
0.661915
0.395581
0.754422
0.42434
0.502292
0.803204
0.171919
0.605785
0.15703
0.214881
0.302482
0.578974
0.247329
0.533824
0.209884
0.392588
0.31401
0.550968
0.132123
0.759358
0.597195
0.517284
0.477587
0.308897
0.554103
0.65188
0.25068
0.627011
0.366717
0.143641
0.41791
0.185401
0.223116
0.599283
0.499166
0.316456
0.498368
0.76916
0.14655
0.547267
0.512742
0.172235
0.256424
0.172312
0.413194
0.4286
0.484779
0.755519
0.317918
0.205728
0.0720306
0.562985
0.289126
0.508022
0.666888
0.118065
0.280818
0.141278
0.109625
0.0800523
0.614048
0.0964636
0.651447
0.523446
0.757314
0.502467
0.351499
0.59938
0.48995
0.0551042
0.329879
0.4121
0.314286
0.460637
0.543391
0.467221
0.468723
0.561909
0.351464
0.319137
0.584655
0.319656
0.369375
0.4142
0.615929
0.663841
0.210954
0.445946
0.508723
0.477141
0.172466
0.588235
0.240196
0.497326
0.449271
0.294656
0.44474
0.535784
0.451299
0.341266
0.523508
0.320544
0.56591
0.0374611
0.280541
0.24943
0.422772
0.794307
0.304634
0.492758
