0.66718
0.307971
0.779395
0.480097
0.493589
0.882153
0.669801
0.582227
0.8051
0.439376
0.462916
0.759531
0.747059
0.839485
0.394013
0.430508
0.693869
0.474495
0.21712
0.483636
0.338929
0.595151
0.526741
0.451965
0.725652
0.305003
0.679538
0.839572
0.405287
0.541059
0.693299
0.707702
0.649077
0.780222
0.489473
0.363877
0.86419
0.311877
0.773922
0.853968
0.629099
0.644918
0.763556
0.637187
0.419324
0.499939
0.353671
0.613027
0.385433
0.27677
0.750473
0.42888
0.492368
0.6857
0.736599
0.587962
0.62122
0.797521
0.83347
0.601388
0.41694
0.350643
0.669241
0.74832
0.656963
0.681908
0.624732
0.407904
0.779529
0.387823
0.447947
0.441288
0.611681
0.576997
0.610526
0.557073
0.574524
0.695463
0.669342
0.73841
0.790586
0.718384
0.59846
0.770173
0.495485
0.787914
0.34711
0.685273
0.754882
0.607052
0.484462
0.385579
0.437872
0.722558
0.434384
0.382794
0.307708
0.342162
0.425396
0.573321
0.431776
0.540633
0.403182
0.406133
0.733136
0.553134
0.564159
0.472719
0.482097
0.86159
0.505769
0.453066
0.322708
0.65501
0.745499
0.604178
0.738193
0.774143
0.449082
0.65528
0.713109
0.818829
0.542972
0.331478
0.490907
0.636815
0.629798
0.393514
0.72262
0.673006
0.692005
0.653456
0.472385
0.763878
0.693612
0.541987
0.515008
0.675355
0.720064
0.664027
0.39954
0.40269
0.323709
0.469679
0.345829
0.57343
0.30976
0.63923
0.34338
0.281164
0.695593
0.878357
0.620179
0.386137
0.685796
0.708475
0.490507
0.296429
0.792503
0.226403
0.335535
0.721401
0.297733
0.764132
0.704111
0.315903
0.66721
0.229436
0.368409
0.668478
0.316299
0.287527
0.779637
0.437249
0.404754
0.587222
0.425031
0.687556
0.62883
0.375661
0.691054
0.715065
0.778947
0.616311
0.71217
0.787264
0.595157
0.647084
0.268844
0.630655
0.674623
0.846099
0.457458
0.709787
0.399373
0.660965
0.346234
0.572223
0.784818
0.295862
0.813299
0.342289
0.704068
0.520185
0.593074
0.72048
0.384753
0.624294
0.466884
0.630805
0.725389
0.417075
0.701294
0.545153
0.456179
0.302051
0.650123
0.574427
0.461643
0.397863
0.760737
0.585156
0.280888
0.64922
0.687064
0.609339
0.330918
0.328785
0.549992
0.593556
0.554731
0.643225
0.807074
0.727593
0.410743
0.697891
0.539921
0.772575
0.480368
0.443288
0.497009
0.76408
0.757187
0.371989
0.66787
0.778276
0.722725
0.662233
0.329846
0.685667
0.571572
0.485506
0.271618
0.714789
0.264367
0.496241
0.65859
0.66196
0.478637
0.671931
0.530981
0.888955
0.407207
0.5996
0.300898
0.615767
0.694354
0.766401
0.692094
0.347654
0.754934
0.496877
0.746941
0.496522
0.341408
0.265862
0.309355
0.652874
0.656311
0.437259
0.606512
0.752593
0.752857
0.585748
0.675429
0.329403
0.329443
0.303333
0.353713
0.792027
0.721224
0.586621
0.345288
0.664663
0.484211
0.496432
0.546292
0.623468
0.500939
0.535908
0.737885
0.727334
0.313086
0.523733
0.38057
0.721008
0.382735
0.72436
0.357278
0.318371
0.725074
0.282006
0.691015
0.641053
0.645499
0.714253
0.323483
0.397117
0.278228
0.406545
0.810666
0.491475
0.531469
0.391471
0.620873
0.381702
0.381457
0.26628
0.674643
0.648297
0.739376
0.417568
0.52629
0.492376
0.671854
0.363546
0.804729
0.673525
0.517874
0.155387
0.568765
0.523251
0.639883
0.762456
0.691153
0.708654
0.67456
0.310229
0.809309
0.6746
0.373594
0.488786
0.432478
0.461563
0.61474
0.598473
0.717464
0.436422
0.513848
0.361891
0.395355
0.746203
0.425517
0.601402
0.400507
0.431799
0.775461
0.729097
0.54388
0.728488
0.412208
0.620586
0.304769
0.383554
0.773843
0.579878
0.431864
0.328083
0.0784285
0.773761
0.677903
0.720167
0.442568
0.734559
0.67419
0.472382
0.749108
0.394367
0.335143
0.452406
0.698139
0.44569
0.793506
0.553306
0.647435
0.619771
0.763891
0.418295
0.433613
0.595679
0.902226
0.766771
0.732315
0.61121
0.368005
0.453497
0.559043
0.283271
0.519701
0.368758
0.302821
0.107651
0.37366
0.763767
0.42339
0.468912
0.621011
0.514791
0.713793
0.480274
0.291473
0.634464
0.811111
0.422392
0.464321
0.480574
0.871817
0.545601
0.358666
0.480236
0.297595
0.581287
0.447412
0.582547
0.438183
0.83919
0.498438
0.664118
0.387608
0.454784
0.737105
0.683775
0.31626
0.485892
0.106347
0.415848
0.770492
0.241972
0.64308
0.721384
0.682044
0.622165
0.696482
0.860922
0.641964
0.557397
0.392782
0.732384
0.43596
0.715218
0.39153
0.532042
0.695385
0.367505
0.760893
0.356432
0.508802
0.849157
0.475215
0.784328
0.460938
0.528708
0.729423
0.648252
0.691795
0.465674
0.75082
0.851335
0.395456
0.277068
0.292462
0.344084
0.669799
0.691818
0.765991
0.299639
0.368564
0.699883
0.581349
0.732575
0.674524
0.765625
0.867151
0.455793
0.21242
0.600534
0.401082
0.795566
0.440547
0.355205
0.295391
0.706454
0.762004
0.344986
0.78118
0.83036
0.646008
0.305121
0.894397
0.336765
0.794153
0.437814
0.544695
0.437015
0.745964
0.568741
0.391981
0.332322
0.566113
0.676549
0.521459
0.758008
0.318987
0.702976
0.691029
0.67871
0.342556
0.685949
0.342433
0.401786
0.215493
0.761423
0.461154
0.610348
0.472089
0.70132
0.612724
0.751207
0.722222
0.442213
0.72777
0.772951
0.394241
0.561278
0.457344
0.251674
0.530255
0.753724
0.70095
0.323623
0.743105
0.549347
0.643382
0.701852
0.821278
0.60425
0.187392
0.831501
0.570431
0.760587
0.589632
0.334546
0.455834
0.740646
0.762025
0.798475
0.752318
0.500644
0.787161
0.705662
0.704237
0.655827
0.742143
0.767245
0.410216
0.443101
0.594835
0.545033
0.523169
0.894737
0.365466
0.404955
0.481884
0.43312
0.838223
0.724568
0.547251
0.635324
0.678631
0.704453
0.766912
0.664078
0.508725
0.752489
0.677643
0.254859
0.398816
0.48552
0.707618
0.580341
0.438411
0.717018
0.731409
0.366195
0.499202
0.441527
0.71631
0.364605
0.481311
0.793245
0.330579
0.591161
0.60833
0.558119
0.510452
0.760805
0.541638
0.39807
0.703
0.408555
0.35072
0.648551
0.706364
0.747259
0.739771
0.396094
0.723666
0.518675
0.650174
0.632009
0.370543
0.507417
0.673276
0.179485
0.333859
0.696799
0.880611
0.73279
0.528782
0.595137
0.745063
0.66439
0.384419
0.469971
0.588195
0.656682
0.700323
0.508493
0.528773
0.258586
0.78735
0.703725
0.25113
0.349266
0.651227
0.353896
0.504586
0.342188
0.629872
0.633497
0.672372
0.231252
0.710469
0.773048
0.496734
0.724323
0.614122
0.753851
0.550188
0.357034
0.604522
0.465384
0.363948
0.484283
0.507519
0.822965
0.416941
0.488263
0.809119
0.498635
0.692267
0.718067
0.822683
0.842173
0.60837
0.270324
0.354389
0.415344
0.632047
0.695716
0.277544
0.753631
0.429367
0.5781
0.616667
0.717541
0.405104
0.738301
0.508963
0.508338
0.447881
0.502924
0.723261
0.553725
0.261227
0.618457
0.385061
0.338988
0.869338
0.680397
0.756299
0.333385
0.548271
0.587808
0.554082
0.403628
0.250936
0.733028
0.357435
0.72787
0.396434
0.740591
0.758407
0.59495
0.756672
0.424775
0.547682
0.683544
0.451401
0.256985
0.371569
0.710802
0.730703
0.651273
0.394571
0.456344
0.775955
0.7559
0.475705
0.666844
0.725106
0.460047
0.734066
0.485038
0.324247
0.627825
0.150696
0.471172
0.619048
0.784179
0.478912
0.705943
0.64315
0.447895
0.381381
0.622505
0.591358
0.614049
0.703197
0.628754
0.530015
0.786962
0.472145
0.321502
0.143386
0.292425
0.435484
0.414966
0.314597
0.709251
0.341818
0.717095
0.633584
0.273097
0.890196
0.544783
0.749057
0.720273
0.458314
0.515942
0.36595
0.690789
0.663155
0.340971
0.505596
0.719911
0.764345
0.67873
0.659368
0.323361
0.441737
0.33798
0.429031
0.68995
0.693602
0.355124
0.346889
0.717757
0.788148
0.524966
0.322901
0.479359
0.342835
0.699398
0.322446
0.45679
0.541857
0.347231
0.623971
0.583447
0.781286
0.58923
0.365472
0.401445
0.330922
0.497653
0.667075
0.744075
0.55085
0.73847
0.539827
0.44618
0.421783
0.358244
0.240213
0.772103
0.832151
0.503817
0.731761
0.516132
0.385383
0.384004
0.70859
0.438776
0.587877
0.136907
0.726479
0.516972
0.356138
0.697314
0.470525
0.322657
0.591231
0.369057
0.572917
0.683482
0.44
0.449915
0.506949
0.682125
0.486617
0.413359
0.660471
0.657978
0.696465
0.801467
0.416652
0.739164
0.428522
0.737611
0.744774
0.595319
0.303058
0.757377
0.632078
0.694757
0.757019
0.641
0.315671
0.699642
0.385167
0.708164
0.297304
0.800425
0.475075
0.618724
0.574501
0.414464
0.352488
0.74699
0.88058
0.672201
0.291237
0.643033
0.59485
0.553459
0.72763
0.327036
0.698276
0.397754
0.271716
0.327262
0.519261
0.813135
0.487624
0.46009
0.37683
0.797527
0.705053
0.789246
0.700727
0.554248
0.457403
0.687229
0.479822
0.306797
0.699246
0.578627
0.745539
0.573753
0.702335
0.394793
0.74828
0.578038
0.666249
0.2557
0.629909
0.473267
0.615323
0.40463
0.651567
0.862201
0.665142
0.746183
0.753588
0.721206
0.674753
0.283578
0.927089
0.448436
0.501162
0.752289
0.686061
0.672102
0.53877
0.331551
0.324421
0.394867
