0.648447
0.696403
0.827866
0.637195
0.568397
0.717157
0.431646
0.633852
0.471761
0.527195
0.41728
0.707788
0.726885
0.37394
0.640732
0.644422
0.4385
0.517851
0.186011
0.569777
0.580344
0.722622
0.223647
0.663311
0.282001
0.188383
0.819286
0.615937
0.400652
0.430581
0.658343
0.206665
0.657905
0.586449
0.575535
0.501981
0.603243
0.652703
0.679114
0.607188
0.575239
0.38379
0.732072
0.470423
0.613413
0.620837
0.382494
0.673535
0.521144
0.591375
0.770906
0.457007
0.447755
0.40028
0.445895
0.819728
0.448226
0.562963
0.719019
0.478178
0.340909
0.560086
0.548252
0.484399
0.665619
0.291453
0.177108
0.559243
0.4844
0.578255
0.678374
0.682213
0.470548
0.808913
0.754991
0.53962
0.663712
0.186764
0.580709
0.582934
0.231505
0.628579
0.857531
0.605128
0.557449
0.75674
0.467835
0.777778
0.789784
0.546983
0.477905
0.691428
0.29032
0.496619
0.713327
0.680191
0.485678
0.350259
0.431256
0.546875
0.490464
0.536027
0.51484
0.583782
0.452206
0.207129
0.409091
0.666909
0.55448
0.51288
0.639821
0.431264
0.513936
0.453939
0.235253
0.541235
0.686635
0.5625
0.495356
0.645221
0.929753
0.254603
0.58347
0.594753
0.456113
0.527112
0.872823
0.649573
0.500724
0.354656
0.570433
0.589528
0.651711
0.464154
0.763508
0.523484
0.817506
0.483681
0.662183
0.20022
0.574879
0.528954
0.635905
0.632911
0.565377
0.639729
0.380497
0.676218
0.470204
0.517518
0.423097
0.603525
0.568277
0.548243
0.484637
0.484027
0.467444
0.702392
0.343212
0.550827
0.518622
0.508137
0.497852
0.821865
0.442191
0.418016
0.645763
0.702771
0.813506
0.751659
0.588511
0.546205
0.410351
0.264914
0.074087
0.638616
0.562871
0.383549
0.636333
0.124352
0.489347
0.473022
0.587519
0.86819
0.613304
0.41958
0.686839
0.578516
0.801202
0.490496
0.550868
0.541397
0.498635
0.728723
0.560817
0.659847
0.582353
0.574431
0.31048
0.411611
0.639287
0.476019
0.70277
0.617292
0.672355
0.61343
0.576136
0.213652
0.513699
0.290072
0.522484
0.423112
0.661458
0.670192
0.18674
0.704511
0.772101
0.253805
0.812836
0.737079
0.434215
0.576902
0.807289
0.639319
0.515694
0.178934
0.776842
0.560252
0.229551
0.780612
0.254948
0.480048
0.771067
0.721514
0.480254
0.557866
0.462159
0.732902
0.812114
0.171627
0.554932
0.511004
0.586598
0.821722
0.45903
0.482318
0.548476
0.664237
0.180415
0.468682
0.273991
0.661251
0.521582
0.500057
0.535289
0.566719
0.536364
0.50914
0.741143
0.362358
0.4485
0.685831
0.401316
0.520064
0.47938
0.501026
0.475171
0.790726
0.507519
0.464499
0.602206
0.651299
0.844099
0.671204
0.561086
0.645153
0.155749
0.535157
0.568827
0.74936
0.667269
0.522273
0.497742
0.675464
0.583861
0.37856
0.296803
0.39203
0.638505
0.668308
0.742918
0.348601
0.574899
0.488427
0.463028
0.350374
0.66708
0.378444
0.47482
0.362158
0.804208
0.516667
0.622403
0.603695
0.498484
0.486669
0.52057
0.144325
0.537169
0.189366
0.743066
0.58574
0.516916
0.511349
0.171878
0.559745
0.274238
0.670816
0.318822
0.555962
0.661458
0.813049
0.868302
0.856942
0.108471
0.509271
0.826265
0.689038
0.599041
0.792727
0.598023
0.546667
0.340192
0.53754
0.53128
0.679665
0.126647
0.61465
0.541497
0.313328
0.753729
0.609183
0.672382
0.474049
0.670629
0.169363
0.647307
0.575139
0.57056
0.693642
0.598183
0.772812
0.686638
0.803176
0.526786
0.700589
0.685139
0.616115
0.543835
0.725
0.625
0.544907
0.421656
0.463704
0.165455
0.494723
0.851782
0.656802
0.605004
0.440077
0.649483
0.691081
0.205058
0.603448
0.362309
0.517724
0.547471
0.619
0.811111
0.573565
0.477785
0.641851
0.541519
0.621732
0.761996
0.654796
0.733705
0.6007
0.182321
0.292509
0.537547
0.331492
0.576183
0.569777
0.556646
0.244771
0.731512
0.102662
0.671053
0.455797
0.728269
0.479807
0.568799
0.46468
0.713989
0.252085
0.440988
0.419578
0.469349
0.404309
0.581407
0.500242
0.214245
0.379907
0.500088
0.585786
0.584414
0.576201
0.725731
0.762148
0.489796
0.701316
0.52349
0.696198
0.648857
0.669118
0.467585
0.676923
0.649506
0.618528
0.604485
0.477252
0.774281
0.509464
0.165726
0.564562
0.434511
0.761689
0.809835
0.495833
0.54558
0.580037
0.590321
0.527231
0.283541
0.630936
0.427546
0.238485
0.593941
0.481322
0.628111
0.542441
0.433581
0.436555
0.570067
0.913633
0.519107
0.883537
0.590766
0.471706
0.723077
0.398905
0.563811
0.693036
0.479434
0.843137
0.602429
0.624486
0.465455
0.662518
0.494845
0.359948
0.500589
0.646199
0.488176
0.322497
0.606035
0.670539
0.536073
0.511041
0.72449
0.559301
0.786858
0.478595
0.268377
0.345366
0.606731
0.438556
0.745364
0.737973
0.693493
0.449111
0.445714
0.459207
0.533824
0.644211
0.663395
0.18705
0.638653
0.19672
0.760715
0.489937
0.720506
0.62003
0.502901
0.627737
0.673667
0.616552
0.749732
0.504657
0.390812
0.869911
0.821237
0.707697
0.696833
0.520664
0.657901
0.424834
0.236837
0.774709
0.630495
0.810669
0.625264
0.666676
0.430841
0.776093
0.463122
0.579212
0.136851
0.758876
0.612016
0.810132
0.557642
0.531463
0.478388
0.462167
0.118668
0.671835
0.825531
0.527027
0.575645
0.47285
0.483709
0.632216
0.736668
0.475371
0.571293
0.58011
0.563429
0.587413
0.40656
0.448498
0.649686
0.582546
0.699822
0.482321
0.62069
0.408892
0.679298
0.426576
0.737655
0.568965
0.244292
0.620321
0.803542
0.555341
0.610325
0.549917
0.334725
0.541739
0.235653
0.733447
0.592885
0.443846
0.58558
0.39763
0.804235
0.608608
0.781057
0.608401
0.397021
0.736232
0.416099
0.470614
0.732383
0.735304
0.518821
0.600445
0.224185
0.389702
0.646514
0.612716
0.444686
0.199488
0.138046
0.46732
0.0791139
0.480006
0.298947
0.775679
0.783198
0.58232
0.703044
0.59171
0.553063
0.373894
0.585644
0.592075
0.639835
0.206906
0.71122
0.573884
0.480831
0.30303
0.382271
0.456323
0.180371
0.692308
0.55872
0.422138
0.37182
0.472483
0.566289
0.512805
0.601791
0.822369
0.381318
0.603385
0.707473
0.678451
0.479798
0.789773
0.645247
0.585739
0.65216
0.767677
0.664053
0.556266
0.710539
0.747915
0.823754
0.541553
0.618921
0.370209
0.665851
0.689641
0.720984
0.556664
0.645121
0.857504
0.493046
0.772959
0.405349
0.526424
0.237452
0.642096
0.599656
0.205509
0.586046
0.532527
0.407813
0.539525
0.647243
0.444946
0.405011
0.902549
0.252604
0.53569
0.566721
0.61625
0.688305
0.741553
0.547138
0.351681
0.513642
0.494093
0.717472
0.701112
0.342063
0.532876
0.647846
0.535492
0.662081
0.53822
0.804408
0.380355
0.597311
0.685383
0.184436
0.751446
0.570437
0.783495
0.681366
0.72651
0.490738
0.63113
0.453704
0.598586
0.484367
0.399216
0.483063
0.630253
0.611047
0.731516
0.599333
0.462533
0.545235
0.738462
0.554964
0.614555
0.675633
0.323395
0.814109
0.458353
0.738298
0.429704
0.82283
0.492997
0.702854
0.51474
0.392502
0.111043
0.530137
0.597791
0.321375
0.236842
0.459988
0.646067
0.448911
0.697149
0.63789
0.522123
0.547552
0.81216
0.575662
0.392201
0.642798
0.187213
0.561313
0.571429
0.778728
0.552772
0.513926
0.470116
0.539439
0.729292
0.60484
0.511101
0.654197
0.568144
0.614431
0.434116
0.519422
0.430301
0.281609
0.444433
0.425439
0.136907
0.309299
0.220074
0.528977
0.265459
0.385004
0.5203
0.556948
0.508915
0.438476
0.275157
0.685933
0.640107
0.431341
0.328101
0.398415
0.602796
0.680887
0.325311
0.677968
0.477981
0.450662
0.606704
0.41786
0.495527
0.694153
0.511969
0.752041
0.444415
0.638889
0.583245
0.555654
0.686162
0.890716
0.533769
0.354571
0.0523501
0.513433
0.604963
0.526468
0.313458
0.416146
0.60506
0.441404
0.16724
0.632816
0.49769
0.536108
0.631399
0.356513
0.154346
0.500163
0.469161
0.886205
0.367568
0.567578
0.715116
0.559982
0.567633
0.817171
0.202693
0.509754
0.581502
0.524476
0.627551
0.464562
0.594294
0.729885
0.810769
0.542743
0.565599
0.624072
0.415577
0.645738
0.565426
0.0931212
0.64568
0.51381
0.596121
0.429224
0.156115
0.0875993
0.522321
0.582163
0.404453
0.629639
0.468411
0.64511
0.299115
0.75
0.574512
0.25965
0.174934
0.613686
0.592287
0.726315
0.783626
0.259262
0.452663
0.402658
0.690939
0.738119
0.430683
0.640249
0.359506
0.272556
0.629085
0.337243
0.892418
0.241683
0.459874
0.46352
0.484497
0.506449
0.226966
0.468782
0.777067
0.53818
0.225202
0.611655
0.584322
0.448569
0.124017
0.136908
0.0233712
0.549379
0.406993
0.104088
0.21976
0.128547
0.348884
0.0602421
0.635504
0.379141
0.673748
0.418311
0.229938
0.245646
0.519988
0.201445
0.481471
0.651704
0.457711
0.72642
0.294454
0.430904
0.495447
0.426391
0.33888
0.793981
0.726924
0.59845
0.378442
0.673548
0.239158
0.472202
0.509583
0.651685
0.487377
0.281818
0.422637
0.529727
0.648431
0.533654
0.449346
0.463025
0.641171
0.717727
0.746914
0.631546
0.682945
0.646558
0.107962
0.632365
0.827682
0.593117
