0.526582
0.429446
0.401619
0.379032
0.330162
0.570227
0.381521
0.335996
0.476072
0.164673
0.214851
0.308279
0.42891
0.487047
0.791268
0.348804
0.211765
0.254062
0.48827
0.543386
0.487069
0.382768
0.446237
0.543249
0.531945
0.380059
0.524691
0.295918
0.56381
0.317506
0.51726
0.380763
0.309489
0.174704
0.352941
0.497533
0.137368
0.622959
0.339919
0.310961
0.579914
0.382948
0.37397
0.429499
0.266387
0.395445
0.382761
0.242346
0.412093
0.375096
0.57243
0.545679
0.399407
0.504673
0.410955
0.335675
0.48931
0.445166
0.359091
0.0440479
0.442836
0.587302
0.561799
0.422427
0.568912
0.516456
0.480669
0.497568
0.543365
0.598642
0.620136
0.239839
0.232143
0.400053
0.28125
0.168883
0.241379
0.247748
0.472876
0.0209503
0.511796
0.601486
0.486787
0.565608
0.391394
0.7845
0.576156
0.189166
0.596029
0.523342
0.546692
0.478978
0.364003
0.264603
0.519498
0.389432
0.177652
0.704121
0.601836
0.892224
0.540431
0.121335
0.357815
0.438598
0.389086
0.536904
0.540927
0.475424
0.247951
0.531653
0.434429
0.410835
0.504756
0.479111
0.313592
0.437226
0.558082
0.487105
0.574532
0.402829
0.393827
0.417241
0.423887
0.104368
0.501088
0.35589
0.438596
0.464783
0.6437
0.165039
0.480962
0.534383
0.283166
0.430777
0.687991
0.305293
0.527058
0.543651
0.549402
0.436224
0.656715
0.217473
0.298065
0.454529
0.558173
0.36971
0.620202
0.41098
0.430396
0.603801
0.562135
0.302633
0.328093
0.381246
0.549174
0.135695
0.255639
0.7933
0.629194
0.431822
0.30403
0.188503
0.595055
0.798405
0.610022
0.434641
0.106084
0.072578
0.495887
0.57558
0.470817
0.318144
0.258866
0.358426
0.549558
0.366339
0.273417
0.636779
0.603711
0.443784
0.558944
0.363636
0.431302
0.37415
0.528328
0.203891
0.547608
0.543155
0.525312
0.273084
0.478365
0.421859
0.335181
0.303817
0.487926
0.301302
0.383579
0.481538
0.562312
0.33584
0.139867
0.59243
0.44499
0.535181
0.203801
0.300047
0.463866
0.474386
0.148533
0.462366
0.837945
0.536232
0.619803
0.6337
0.503691
0.18206
0.556723
0.729954
0.317805
0.64075
0.577285
0.708099
