0.542506
0.766318
0.662998
0.863535
0.865029
0.651558
0.72031
0.374771
0.733338
0.599546
0.721925
0.677563
0.850107
0.649642
0.625652
0.714526
0.614053
0.793731
0.649842
0.782567
0.639803
0.798335
0.897495
0.472452
0.670319
0.858272
0.843001
0.661657
0.338738
0.719467
0.737069
0.727612
0.799431
0.668757
0.767754
0.667135
0.567427
0.541899
0.394881
0.849597
0.585961
0.673038
0.45181
0.708943
0.652404
0.671365
0.697552
0.675941
0.387385
0.609397
0.664286
0.847516
0.360849
0.734359
0.411183
0.731207
0.668385
0.178704
0.487621
0.779909
0.298324
0.622848
0.124397
0.0895568
0.856441
0.651088
0.485921
0.142373
0.735871
0.759142
0.84318
0.777367
0.544264
0.677271
0.739327
0.831492
0.71311
0.808979
0.170099
0.685356
0.339104
0.394647
0.704838
0.87224
0.722688
0.875023
0.218946
0.196189
0.243153
0.359151
0.727513
0.599647
0.653027
0.413361
0.699863
0.435389
0.409652
0.715239
0.774843
0.602243
0.783571
0.298782
0.22121
0.818023
0.705882
0.640216
0.61717
0.625532
0.356949
0.417166
0.724652
0.614097
0.695127
0.655918
0.654977
0.571062
0.422089
0.326285
0.682603
0.403394
0.79869
0.815789
0.729348
0.615865
0.845044
0.402849
0.749048
0.827066
0.824403
0.721716
0.685597
0.74531
0.360406
0.719731
0.669802
0.641863
0.690121
0.426884
0.786514
0.758888
0.875482
0.430567
0.819943
0.635276
0.625894
0.805308
0.799145
0.501361
0.810559
0.71147
0.430208
0.208916
0.458484
0.710225
0.273341
0.777559
0.187714
0.782218
0.880851
0.479698
0.740616
0.77655
0.683606
0.573379
0.734456
0.66051
0.741206
0.860665
0.446294
0.75734
0.643292
0.753794
0.496314
0.710316
0.622794
0.728558
0.775263
0.708999
0.177866
0.696483
0.614136
0.370505
0.677391
0.737606
0.648576
0.769809
0.45768
0.803383
0.710145
0.849844
0.371318
0.665765
0.571453
0.401741
0.790777
0.455806
0.559691
0.801427
0.810857
0.81605
0.6466
0.770308
0.912913
0.757246
0.425179
0.725431
0.643232
0.720545
0.807748
0.513921
0.452717
0.832851
0.408671
0.711285
0.549678
0.580644
0.717246
0.486779
0.344828
0.729006
0.395623
0.718686
0.734931
0.76783
0.425934
0.721891
0.331712
0.734327
0.89832
0.706772
0.390803
0.344488
0.754106
0.781202
0.328571
0.630066
0.563171
0.737115
0.459612
0.753787
0.481152
0.717427
0.852759
0.754374
0.760208
0.435835
0.61122
0.716484
0.399004
0.516432
0.68397
0.703911
0.737708
0.166501
0.774732
0.777065
0.613209
0.573628
0.516924
0.677745
0.807065
0.739678
0.764398
0.887524
0.686309
0.767811
0.843636
0.811452
0.712381
0.83196
0.715521
0.813749
0.423492
0.755835
0.461844
0.87963
0.727987
0.729407
0.309263
0.401294
0.63263
0.389186
0.73772
0.819496
0.40738
0.673653
0.680336
0.322782
0.827678
0.708616
0.412264
0.57006
0.826112
0.642784
0.773248
0.716418
0.677499
0.721509
0.688775
0.771104
0.776003
0.641342
0.829356
0.742978
0.6573
0.697203
0.790621
0.383732
0.353917
0.694972
0.731721
0.773386
0.372653
0.46131
0.331541
0.720939
0.699078
0.707776
0.825152
0.80801
0.531646
0.799105
0.394115
0.536025
0.626342
0.645184
0.707921
0.483292
0.20425
0.0541015
0.725222
0.770821
0.246032
0.681407
0.163447
0.670206
0.494837
0.577693
0.157021
0.638423
0.702827
0.74739
0.787908
0.637623
0.336538
0.613824
0.658635
0.298243
0.255611
0.436918
0.704796
0.612768
0.73697
0.722425
0.836901
0.826087
0.662064
0.403661
0.695097
0.683402
0.564377
0.688519
0.806806
0.780345
0.664927
0.765312
0.721973
0.771992
0.50584
0.688196
0.368747
0.37265
0.761899
0.774194
0.784756
0.783059
0.736281
0.78382
0.522796
0.520682
0.663578
0.535538
0.804392
0.704008
0.357958
0.793784
0.714056
0.613566
0.710809
0.547379
0.775006
0.569431
0.595863
0.731822
0.770164
0.616426
0.492396
0.593652
0.507048
0.739932
0.777778
0.711653
0.808168
0.660702
0.64981
0.423734
0.363403
0.666885
0.668846
0.768858
0.80104
0.58542
0.645778
0.525764
0.263837
0.622808
0.568862
0.423363
0.761384
0.0814127
0.139167
0.425296
0.0981539
0.482811
0.785448
0.692197
0.322135
0.363954
0.691418
0.7776
0.717674
0.715054
0.725502
0.758498
0.688459
0.734909
0.732001
0.647727
0.597496
0.72391
0.701649
0.58711
0.345352
0.693313
0.687176
0.696677
0.85862
0.706455
0.478608
0.76372
0.701977
0.744179
0.778791
0.468233
0.215463
0.131567
0.782972
0.799864
0.693296
0.392619
0.468602
0.816476
0.680498
0.702907
0.71009
0.68955
0.741866
0.31284
0.687831
0.298691
0.449704
0.733477
0.834359
0.671992
0.686212
0.44582
0.778553
0.705405
0.705482
0.696305
0.771607
0.759615
0.420708
0.760375
0.79606
0.408231
0.827681
0.750897
0.442788
0.749887
0.76081
0.693975
0.667975
0.370858
0.165981
0.701153
0.796006
0.734472
0.586466
0.787663
0.820225
0.631293
0.835766
0.738624
0.844927
0.692523
0.669196
0.71489
0.737903
0.671137
0.505566
0.680952
0.548593
0.827943
0.810003
0.342809
0.606316
0.423411
0.598137
0.520346
0.688273
0.688482
0.689427
0.454073
0.848808
0.683956
0.766027
0.769585
0.649691
0.893768
0.790367
0.817204
0.680896
0.774556
0.817484
0.591314
0.581067
0.764849
0.721934
0.697685
0.680285
0.705026
0.704717
0.636275
0.672855
0.788723
0.660332
0.565906
0.759325
0.71453
0.709182
0.864365
0.711596
0.466722
0.675
0.164651
0.782653
0.805085
0.758141
0.719056
0.77904
0.853521
0.830515
0.774783
0.31297
0.690532
0.805233
0.576537
0.590327
0.670069
0.58932
0.72428
0.551619
0.859505
0.479486
0.767677
0.661371
0.520476
0.66398
0.731874
0.609606
0.730549
0.709123
0.820759
0.720536
0.814018
0.669856
0.493941
0.660232
0.761484
0.705007
0.765464
0.653963
0.748449
0.807556
0.654723
0.678794
0.741627
0.630332
0.726398
0.490081
0.510521
0.728749
0.658181
0.688172
0.324971
0.736062
0.677349
0.668505
0.580832
0.714227
0.739717
0.704191
0.817221
0.854931
0.74359
0.379464
0.667049
0.674183
0.743719
0.855921
0.727037
0.651201
0.71714
0.687826
0.650641
0.368931
0.778673
0.354939
0.865091
0.687771
0.367772
0.806604
0.695066
0.498433
0.778823
0.84207
0.663757
0.837298
0.480578
0.715435
0.290187
0.233573
0.401337
0.825041
0.543258
0.839783
0.526579
0.779509
0.775386
0.761942
0.674923
0.719912
0.658635
0.802952
0.719637
0.511357
0.780632
0.695835
0.80748
0.732938
0.333696
0.631956
0.552122
0.756956
0.47064
0.665549
0.512538
0.685587
0.688421
0.790251
0.654719
0.662398
0.799154
0.755801
0.440278
0.652687
0.444886
0.404364
0.525127
0.721781
0.469637
0.319812
0.804645
0.681392
0.709296
0.742921
0.476604
0.627665
0.632824
0.675437
0.868689
0.804526
0.716924
0.803268
0.842011
0.787663
0.713887
0.683312
0.721418
0.724947
0.700926
0.733056
0.764513
0.727547
0.6698
0.764327
0.763025
0.555738
0.630331
0.696133
0.734062
0.674107
0.632931
0.654425
0.308196
0.460905
0.616734
0.663789
0.68497
0.762977
0.767678
0.708727
0.680444
0.678717
0.683077
0.806958
0.656252
0.633696
0.753453
0.699876
0.796953
0.606714
0.723448
0.666371
0.743462
0.781781
0.834688
0.673684
0.370706
0.503867
0.7004
0.465053
0.797619
0.698225
0.807292
0.902433
0.481867
0.4084
0.520811
0.722404
0.660663
0.766624
0.294421
0.245107
0.779343
0.740741
0.712446
0.813795
0.511475
0.768602
0.724328
0.362814
0.661162
0.488703
0.689943
0.400428
0.633069
0.617948
0.631021
0.111111
0.779655
0.471402
0.821058
0.375305
0.129711
0.278338
0.424017
0.765302
0.614747
0.814815
0.400788
0.924324
0.813668
0.351826
0.811669
0.0651985
0.348638
0.742483
0.763057
0.710376
0.778455
0.563912
0.796665
0.479722
0.358927
0.33308
0.627014
0.697807
0.595774
0.392857
0.0567568
0.71648
0.0928561
0.788648
0.730822
0.861475
0.68729
0.423803
0.744057
0.708661
0.57497
0.407661
0.400663
0.718411
0.664269
0.163032
0.557243
0.0698099
0.761546
0.352186
0.631049
0.828865
0.787954
0.41206
0.740517
0.715838
0.723261
0.672097
0.418462
0.715438
0.356576
0.781649
0.765519
0.594573
0.831985
0.744203
0.781842
0.732704
0.670913
0.607595
0.677815
0.398329
0.769191
0.386748
0.604629
0.68608
0.79646
0.458182
0.494589
0.651163
0.757965
0.65567
0.366667
0.711977
0.744239
0.693002
0.782709
0.648277
0.81918
0.488986
0.751543
0.676813
0.639096
0.553761
0.7588
0.34662
0.731923
0.739394
0.366959
0.666208
0.751648
0.802248
0.687547
0.75774
0.747434
0.71996
0.657963
0.790774
0.812566
0.810256
0.522447
0.800078
0.735714
0.64234
0.684938
0.706002
0.78276
0.561135
0.808038
0.394606
0.711381
0.481033
0.644099
0.712905
0.834892
0.681274
0.654354
0.881462
0.68923
0.707504
0.811642
0.729239
0.718967
0.746823
0.671047
0.435659
0.379479
0.725827
0.330171
0.701482
0.720167
0.616401
0.58366
0.714159
0.468175
0.810599
0.710538
0.660484
0.684544
0.300053
0.441776
0.51225
0.816623
0.846094
0.656364
0.409918
0.36725
0.691688
0.731192
0.887519
0.735322
0.519953
0.67246
0.55127
0.78037
0.746388
0.753028
0.749417
0.540061
0.730137
0.718244
0.727364
0.421961
0.362434
0.590028
0.38486
0.732379
0.698962
0.665457
0.640752
0.816169
0.251969
0.59743
0.759813
0.741799
0.744422
0.834985
0.302807
0.315348
0.807212
0.63932
0.490578
0.770723
0.745505
0.760055
0.624653
0.653438
0.495301
0.652441
0.723803
0.540374
0.761072
0.756486
0.728913
0.647097
0.685787
0.76305
0.406115
0.720915
0.676294
0.833836
0.833364
0.709435
0.408707
0.725806
0.324368
0.733979
0.49604
0.900256
0.774236
0.511603
0.747295
0.702521
0.690026
0.504864
0.675364
0.554408
0.275534
0.733969
0.757621
0.881152
0.445697
0.934513
0.733425
0.650868
0.796787
0.779872
0.690047
0.733444
0.73199
0.840886
0.524199
0.594813
0.714499
0.509815
0.420894
0.773556
0.723885
0.727095
0.71402
0.490295
0.719607
0.340295
0.368204
0.324396
0.308938
0.562919
0.577011
0.487485
0.772089
0.701341
0.74945
0.47516
0.690939
0.459147
0.396299
0.796823
0.782637
0.362245
0.457223
0.807216
0.446608
0.921234
0.728566
0.672086
0.687028
0.434951
0.488299
0.543285
0.646359
0.637347
0.396134
0.625546
0.374709
0.34518
0.784583
0.68537
0.730282
0.766246
0.64631
0.775996
0.32321
0.87236
0.756098
0.810855
0.797719
0.458019
0.767179
0.664276
0.660275
0.867647
0.551152
0.73621
0.758814
0.746032
0.654149
0.423077
0.468297
0.803389
0.682296
0.315302
0.385651
0.739024
0.570714
0.781588
0.707921
0.861646
0.444149
0.791181
0.630348
0.509405
0.453075
0.716526
0.661172
0.639185
0.654978
0.659511
0.542037
0.759086
0.736063
0.744959
0.463998
0.453179
0.807292
0.842667
0.67412
0.776968
0.570683
0.803431
0.351526
0.795966
0.767324
0.769183
0.736422
0.701385
0.697166
0.731674
0.502067
0.782932
0.774073
0.705716
0.727644
0.359945
0.768473
0.899846
0.690411
0.81867
0.934582
0.856753
0.746476
0.531898
0.742789
0.604245
0.726033
0.671813
0.683953
0.596877
0.655399
0.726637
0.723342
0.786651
0.718676
0.692311
0.575758
0.642617
0.644624
0.754105
0.816441
0.708993
0.416643
0.683437
0.748588
0.601101
0.571766
0.744127
0.626017
0.638054
0.38858
0.666487
0.720172
0.472399
0.730726
0.777031
0.677462
0.457545
0.842757
0.695084
0.605126
0.339291
0.453657
0.304121
0.668394
0.789846
0.700622
0.682481
0.77824
0.769585
0.649581
0.534611
0.475501
0.247363
0.400179
0.64137
0.460352
0.71365
0.766472
0.817204
0.716641
0.706097
0.634794
0.474891
0.576393
0.639781
0.58995
0.772808
0.751981
0.590012
0.721342
0.760889
0.609711
0.345105
0.670622
0.644291
0.745572
0.328256
0.626959
0.514477
0.385187
0.627706
0.806977
0.206537
0.856356
0.734709
0.669016
0.718919
0.694343
0.838476
0.561394
0.709951
0.455487
0.642647
0.461562
0.566973
0.84295
0.824742
0.764979
0.583035
0.839355
0.735398
0.777251
0.653642
0.777629
0.821265
0.834724
0.697154
0.414102
0.243244
0.542952
0.664808
0.462184
0.607646
0.67914
0.67465
0.751955
0.712865
0.591197
0.544709
0.344439
0.603074
0.688791
0.629404
0.675126
0.662492
0.605215
0.418978
0.406018
0.635956
0.421894
0.661326
0.680281
0.872885
0.627251
0.697861
0.717066
0.702112
0.748299
0.796639
0.589738
0.660866
0.773025
0.762685
0.715533
0.745796
0.653054
0.370954
0.874432
0.42817
0.393587
0.706892
0.702057
0.635676
0.361462
0.419133
0.821193
0.823232
0.536011
0.652174
0.813761
0.703782
0.636312
0.771979
0.584315
0.590914
0.681152
0.426769
0.79588
0.688664
0.669089
0.419689
0.751333
0.732458
0.620287
0.41697
0.766741
0.722754
0.739796
0.77498
0.778184
0.777004
0.643807
0.819666
0.7583
0.769135
0.617195
0.648078
0.879617
0.640231
0.431674
0.672807
0.774275
0.662054
0.697025
0.747027
0.392889
0.706411
0.732687
0.491803
0.533554
0.355326
0.686916
0.832021
0.852695
0.736609
0.734797
0.689119
0.76476
0.650515
0.643705
0.84447
0.663984
0.683759
0.620723
0.711414
0.723266
0.680571
0.287653
0.797291
0.83038
0.524709
0.773134
0.728921
0.904794
0.694615
0.723163
0.637987
0.600435
0.706746
0.732673
0.672015
0.325385
0.647805
0.442007
0.721452
0.831766
0.730333
0.668592
0.47372
0.298195
0.781234
0.784756
0.724985
0.690686
0.765083
0.715554
0.768951
0.750543
0.545031
0.731916
0.308036
0.754542
0.91235
0.691478
0.681323
0.835605
0.540317
0.739315
0.775376
0.751707
0.762504
0.735571
0.729494
0.406373
0.748345
0.825249
0.692137
