0.322612
0.45252
0.797193
0.321516
0.467209
0.47801
0.360289
0.694186
0.54583
0.6402
0.610683
0.377388
0.347471
0.487418
0.324216
0.436371
0.51687
0.801568
0.103475
0.543545
0.588631
0.628096
0.711521
0.717683
0.383002
0.722338
0.548599
0.39422
0.612488
0.417589
0.518899
0.394214
0.545083
0.712951
0.39102
0.468863
0.68358
0.323011
0.731138
0.337148
0.405601
0.537724
0.539635
0.557997
0.725824
0.414627
0.32343
0.658199
0.659707
0.412913
0.526551
0.740075
0.399025
0.293956
0.328457
0.389718
0.261728
0.628045
0.396454
0.408357
0.157268
0.576261
0.43128
0.576805
0.396972
0.540002
0.334884
0.461604
0.770633
0.216736
0.46361
0.0848792
0.325
0.106758
0.617647
0.0488843
0.343845
0.0318446
0.731018
0.300855
0.474796
0.803301
0.467778
0.638835
0.747134
0.393271
0.396633
0.640388
0.374419
0.660213
0.828661
0.620306
0.349706
0.0237609
0.153121
0.385783
0.228425
0.0245301
0.235216
0.722403
0.18052
0.075837
0.193703
0.44461
0.490886
0.309192
0.103347
0.486061
0.481717
0.619027
0.44197
0.259088
0.492788
0.764058
0.500585
0.550804
0.384661
0.78963
0.621006
0.344327
0.78432
0.364482
0.751901
0.734547
0.707993
0.637809
0.808913
0.65673
0.599099
0.585367
0.377667
0.540984
0.707301
0.74026
0.320346
0.608814
0.675882
0.664242
0.526021
0.699662
0.233938
0.555161
0.430681
0.502839
0.689103
0.490466
0.528544
0.595675
0.456702
0.689991
0.183637
0.536308
0.830297
0.693464
0.534195
0.336752
0.431762
0.789522
0.561048
0.501107
0.716981
0.530973
0.537844
0.746757
0.527251
0.429937
0.62287
0.449537
0.762397
0.409575
0.705403
0.671077
0.423197
0.812454
0.621794
0.592184
0.724505
0.447891
0.503739
0.551062
0.265052
0.420712
0.196465
0.433685
0.716213
0.624373
0.588073
0.301601
0.515486
0.800164
0.282696
0.765104
0.596651
0.745416
0.723427
0.802637
0.36745
0.480991
0.713889
0.491867
0.505485
0.529581
0.0566559
0.248167
0.620386
0.390496
0.634637
0.372717
0.511638
0.791723
0.361709
0.477566
0.40991
0.511938
0.210586
0.473255
0.581657
0.528491
0.349243
0.378812
0.657942
0.556047
0.327115
0.48699
0.23773
0.73796
0.774939
0.687745
0.56318
0.584217
0.55519
0.546757
0.368705
0.483726
0.635827
0.658159
0.572739
0.767073
0.481792
0.710714
0.379855
0.626871
0.734098
0.452186
0.751518
0.355171
0.718263
0.780298
0.392733
0.760348
0.545817
0.425797
0.799928
0.633369
0.438086
0.646957
0.575779
0.738738
0.535031
0.682203
0.640465
0.545576
0.724335
0.786129
0.67334
0.467101
0.81245
0.670575
0.746628
0.671488
0.613619
0.509193
0.713257
0.639374
0.549405
0.443914
0.732858
0.592613
0.596298
0.417125
0.222121
0.306829
0.427124
0.259968
0.479828
0.610728
0.280887
0.612613
0.394495
0.770288
0.544878
0.383659
0.401395
0.27353
0.688356
0.306857
0.696477
0.0285217
0.456247
0.694205
0.401967
0.693697
0.674297
0.532716
0.483065
0.139747
0.412764
0.766083
0.481719
0.609192
0.718305
0.372384
0.618701
0.32768
0.767453
0.371362
0.701765
0.480046
0.754169
0.513059
0.632748
0.248266
0.376406
0.417445
0.337824
0.312515
0.759008
0.467545
0.27008
0.397333
0.494308
0.368626
0.322296
0.435738
0.16464
0.772457
0.378012
0.439592
0.586902
0.455596
0.33337
0.621526
0.351582
0.171467
0.805558
0.341609
0.789062
0.734573
0.724478
0.445422
0.708502
0.508721
0.433404
0.454111
0.537421
0.437148
0.539184
0.851384
0.350769
0.497732
0.767505
0.422831
0.392362
0.600937
0.623146
0.589167
0.732405
0.313427
0.227804
0.584836
0.766797
0.817241
0.734588
0.264417
0.639065
0.407001
0.649775
0.47111
0.14512
0.669522
0.419628
0.592453
0.460905
0.560176
0.493537
0.632134
0.571122
0.727817
0.687162
0.23419
0.431938
0.419862
0.612741
0.677014
0.382029
0.689669
0.417373
0.231048
0.255153
0.754151
0.515261
0.683373
0.557735
0.4375
0.675106
0.453862
0.418963
0.580109
0.483393
0.464579
0.790324
0.914364
0.578371
0.167055
0.479669
0.718269
0.44724
0.484349
0.748422
0.253369
0.759636
0.284505
0.210172
0.419228
0.178921
0.541566
0.758737
0.607197
0.659079
0.176314
0.483672
0.365784
0.805993
0.543831
0.570318
0.515911
0.685302
0.554825
0.538969
0.169598
0.444816
0.537902
0.682043
0.493932
0.486944
0.0418639
0.296756
0.527722
0.439168
0.702619
0.846907
0.51099
0.573037
0.523371
0.508695
0.399516
0.703863
0.432979
0.728033
0.349906
0.50496
0.174359
0.472688
0.252813
0.153429
0.444677
0.580211
0.497192
0.531776
0.736485
0.413021
0.741533
0.518578
0.759972
0.379543
0.256881
0.718504
0.636207
0.53053
0.493859
0.545363
0.141336
0.791425
0.451892
0.727034
0.724196
0.374868
0.531876
0.386787
0.72461
0.41788
0.521332
0.451211
0.351831
0.429203
0.766019
0.329927
0.375601
0.612069
0.525911
0.499902
0.602374
0.379967
0.742532
0.686972
0.19556
0.453989
0.202978
0.835024
0.638535
0.396803
0.633867
0.495034
0.393028
0.62314
0.419811
0.307623
0.595203
0.807629
0.214365
0.77836
0.0790598
0.607951
0.457815
0.59964
0.385044
0.385727
0.592606
0.249351
0.509332
0.601215
0.568421
0.518854
0.15773
0.495399
0.762604
0.296408
0.0459617
0.647842
0.361964
0.49108
0.360181
0.566357
0.513059
0.362727
0.475236
0.458574
0.498229
0.281924
0.606381
0.355664
0.393275
0.278586
0.510577
0.457143
0.441233
0.470242
0.150808
0.689977
0.485301
0.413264
0.231853
0.606515
0.395612
0.26671
0.26458
0.507888
0.106374
0.366474
0.164324
0.452525
0.473684
0.458987
0.336693
0.431833
0.367295
0.489882
0.507756
0.414895
0.250369
0.54218
0.334964
0.414044
0.444359
0.215859
0.280478
0.444513
0.341781
0.707971
0.267665
0.336625
0.39959
0.335973
0.759913
0.618665
0.456795
0.278254
0.840427
0.231513
0.316858
0.459514
0.746412
0.542381
0.245313
0.340664
0.742046
0.488623
0.413074
0.279399
0.326939
0.29456
0.208218
0.240423
0.528086
0.508069
0.691847
0.500114
0.736387
0.437829
0.494704
0.252341
0.634779
0.46625
0.377208
0.375337
0.397959
0.74613
0.270837
0.435797
0.487047
0.724694
0.253406
0.460885
0.390955
0.360132
0.622462
0.729597
0.574297
0.783447
0.291892
0.46302
0.198454
0.318108
0.426614
0.487504
0.432156
0.728372
0.792735
0.291023
0.762427
0.752713
0.418587
0.663504
0.388042
0.347091
0.413942
0.46397
0.425263
0.671343
0.374349
0.367373
0.306111
0.649995
0.405425
0.374026
0.61206
0.728434
0.475495
0.437359
0.38549
0.802191
0.594729
0.623335
0.594636
0.520403
0.485615
0.557703
0.632022
0.547071
0.404523
0.459134
0.616676
0.230968
0.450321
0.593816
0.774347
0.674194
0.774687
0.793925
0.290496
0.502544
0.46701
0.33691
0.146143
0.439472
0.331253
0.543466
0.259143
0.278642
0.601366
0.56581
0.601023
0.64845
0.3463
0.74833
0.721821
0.288984
0.558082
0.432748
0.156829
0.492596
0.534088
0.736405
0.782339
0.65479
0.516849
0.332686
0.464824
0.394659
0.260638
0.787081
0.539733
0.398886
0.368415
0.409099
0.530508
0.429021
0.406167
0.619982
0.528126
0.758766
0.315745
0.418319
0.431961
0.36039
0.667235
0.827381
0.337707
0.295618
0.651658
0.5777
0.753552
0.221028
0.336743
0.551668
0.379492
0.37109
0.431984
0.658794
0.458491
0.79408
0.330473
0.577934
0.762983
0.654198
0.27895
0.289365
0.348005
0.666507
0.733827
0.731426
0.757358
0.740593
0.752427
0.575868
0.475454
0.557958
0.493827
0.735312
0.496396
0.572189
0.50672
0.458737
0.622032
0.695786
0.37027
0.438517
0.597305
0.718744
0.663396
0.716195
0.563261
0.368364
0.772595
0.666261
0.405986
0.209501
0.694705
0.620398
0.339773
0.659701
0.509615
0.427494
0.539988
0.385858
0.687751
0.763838
0.22805
0.358568
0.511825
0.714439
0.458899
0.386483
0.547946
0.602369
0.568489
0.651007
0.22972
0.682831
0.562937
0.59398
0.424567
0.825653
0.564302
0.361842
0.554319
0.33348
0.509697
0.66937
0.424047
0.75244
0.640089
0.378697
0.766384
0.720736
0.542068
0.619658
0.569659
0.246092
0.672878
0.624119
0.706432
0.456829
0.754877
0.469215
0.661432
0.560333
0.348197
0.660061
0.469901
0.45031
0.474233
0.610522
0.60303
0.423091
0.419831
0.636753
0.355274
0.267486
0.54644
0.447434
0.150642
0.471345
0.51907
0.630347
0.661635
0.622875
0.664856
0.404793
0.698052
0.705233
0.71438
0.786838
0.755664
0.734706
0.62069
0.607579
0.381104
0.0546065
0.767158
0.595409
0.395001
0.331782
0.482594
0.435859
0.557752
0.456035
0.38875
0.902403
0.593951
0.551016
0.406421
0.438433
0.240602
0.577131
0.527656
0.387097
0.673437
0.735889
0.771
0.654147
0.482759
0.299374
0.567928
0.719981
0.358946
0.54623
0.548536
0.716267
0.532599
0.43828
0.681534
0.428742
0.708105
0.48004
0.424191
0.515539
0.552781
0.563651
0.12847
0.674179
0.544591
0.324665
0.734599
0.12503
0.759882
0.697412
0.377065
0.771928
0.7744
0.675459
0.598415
0.509357
0.486161
0.512741
0.717018
0.441625
0.70121
0.239771
0.481985
0.702206
0.305075
0.408783
0.365953
0.46699
0.547619
0.513691
0.51325
0.487622
0.482084
0.458151
0.658515
0.530267
0.598842
0.84642
0.576047
0.650959
0.431034
0.652174
0.400725
0.264161
0.548048
0.408298
0.640626
0.796842
0.443316
0.572584
0.399974
0.426707
0.508738
0.463688
0.529942
0.612147
0.503276
0.690181
0.395556
0.461734
0.812646
0.761169
0.477214
0.810755
0.740513
0.418783
0.493094
0.724849
0.509432
0.51389
0.110005
0.610544
0.569814
0.536505
0.443478
0.458859
0.129581
0.660515
0.702614
0.340342
0.704012
0.598382
0.174595
0.58012
0.416983
0.407433
0.764455
0.314404
0.732921
0.725568
0.746788
0.680181
0.282039
0.679831
0.367499
0.254577
0.394607
0.407002
0.64875
0.711382
0.514943
0.60704
0.513619
0.61656
0.573522
0.425402
0.452042
0.551515
0.647337
0.698333
0.570365
0.741107
0.435162
0.508861
0.121813
0.680505
0.43578
0.59958
0.508762
0.766662
0.728059
0.521033
0.26134
0.390572
0.533127
0.623853
0.602035
0.698267
0.675325
0.597997
0.553066
0.637829
0.733688
0.606512
0.569586
0.6317
0.555814
0.668622
0.546813
0.454492
0.683687
0.738739
0.667439
0.658197
0.626116
0.679245
0.763299
0.643678
0.732115
0.597667
0.739585
0.527002
0.407824
0.63795
0.725225
0.43149
0.265172
0.727567
0.57807
0.614828
0.724889
0.489312
0.47876
0.692733
0.739733
0.675465
0.424269
0.487877
0.171111
0.698562
0.714785
0.481911
0.54001
0.456279
0.328463
0.447718
0.672182
0.686825
0.492117
0.614384
0.651271
0.739345
0.293391
0.732559
0.191471
0.723711
0.476476
0.405551
0.544368
0.784204
0.682755
0.417391
0.486341
0.727088
0.322741
0.349156
0.295395
0.417993
0.335982
0.242011
0.387729
0.709721
0.518045
0.52608
0.404697
0.658403
0.764667
0.416279
0.498718
0.551253
0.365217
0.499933
0.361616
0.154042
0.631673
0.350807
0.608233
0.415057
0.769744
0.706245
0.387618
0.57839
0.304313
0.575354
0.556304
0.629063
0.717633
0.453425
0.424975
0.722131
0.295928
0.7125
0.423958
0.756717
0.512414
0.354557
0.366607
0.174213
0.531816
0.564379
0.568442
0.414852
0.777421
0.639251
0.789037
0.439748
0.629409
0.273064
0.475329
0.367884
0.415314
0.302354
0.407547
0.528232
0.530625
0.478405
0.48581
0.493693
0.384844
0.199892
0.242288
0.475113
0.286853
0.73788
0.632257
0.619101
0.393476
0.487808
0.644068
0.628732
0.808437
0.619727
0.371742
0.211845
0.527108
0.447915
0.47177
0.427577
0.59175
0.82143
0.245199
0.385179
0.7125
0.303501
0.393784
0.50889
0.41766
0.820746
0.775395
0.68216
0.567041
0.455967
0.77227
0.566455
0.215105
0.269069
0.349099
0.703689
0.550085
0.327875
0.537607
0.303594
0.485042
0.674331
0.739229
0.438813
0.410572
0.802326
0.681393
0.733019
0.467104
0.488455
0.771275
0.748881
0.509996
0.704944
0.498633
0.585243
0.526074
0.563898
0.465447
0.137376
0.421311
0.729973
0.471263
0.405119
0.766322
0.502079
0.278166
0.736464
0.290583
0.603147
0.671337
0.515868
0.399075
0.714773
0.353651
0.453119
0.291367
0.585648
0.743937
0.299943
0.251451
0.495594
0.598855
0.303586
0.683233
0.197207
0.284212
0.375137
0.45418
0.482489
0.652571
0.406642
0.667585
0.263829
0.675009
0.503623
0.674413
0.221365
0.554396
0.296934
0.388679
0.679558
0.37636
0.420129
0.424609
0.544972
0.407207
0.293651
0.44387
0.175447
0.53211
0.636838
0.384264
0.484257
0.71544
0.802696
0.637637
0.182327
0.395163
0.642214
0.254587
0.530768
0.68647
0.506155
0.409304
0.50387
0.64216
0.367748
0.767815
0.5
0.698897
0.4772
0.256487
0.403784
0.705506
0.782541
0.639894
0.281872
0.449892
0.775117
0.723987
0.227424
0.872421
0.262143
0.122558
0.350846
0.187844
0.561927
0.346281
0.573212
0.423328
0.476395
0.595168
0.533333
0.25132
0.352378
0.426887
0.704458
0.326984
0.804912
0.783078
0.4288
0.620603
0.385839
0.494154
0.37218
0.515644
0.287856
0.327127
0.312133
0.499115
0.492541
0.526181
0.106168
0.378319
0.693113
0.736037
0.341592
0.425516
0.677419
0.487021
0.269621
0.432592
0.518776
0.465204
0.308958
0.726715
0.702979
0.69697
0.530707
0.737433
0.392471
0.367858
0.469298
0.408773
0.497824
0.362999
0.481535
0.259784
0.474867
0.245938
0.320534
0.417256
0.46091
0.544112
0.822491
0.351865
0.477553
0.224477
0.366799
0.74521
0.338537
0.436509
0.616599
0.579708
0.160413
0.631133
0.730873
0.465093
0.337171
0.622606
0.330568
0.607714
0.499866
0.37572
0.398026
0.774012
0.685156
0.324232
0.57132
0.541657
0.727298
0.603422
0.830322
0.539957
0.389328
0.367965
0.772788
0.652503
0.282064
0.29473
0.152412
0.500096
0.571814
0.408527
0.381757
0.401069
0.460052
0.521426
0.449517
0.395233
0.75812
0.546965
0.249191
0.238147
0.781465
0.376375
0.692487
0.681881
0.726174
0.800835
0.364924
0.344262
0.475753
0.44837
0.478586
0.442014
0.396736
0.35254
0.411255
0.305445
0.175606
0.436338
0.626537
0.510882
0.417531
0.414895
0.426982
0.617868
0.479812
0.754203
0.400645
0.599969
0.172249
0.511765
0.28863
0.312793
0.757436
0.687247
0.20919
0.686405
0.519678
0.558562
0.722028
0.577753
0.783584
0.785529
0.454545
0.470752
0.659393
0.37013
0.362792
0.770365
0.328343
0.334222
0.619566
0.62241
0.708094
0.453516
0.724979
0.378284
0.606542
0.394799
0.81791
0.465574
0.398438
0.34825
0.713674
0.527932
0.446469
0.509709
0.435349
0.739464
0.520459
0.496107
0.471761
0.27998
0.367382
0.561093
0.59917
0.699757
0.387041
0.283862
0.44063
0.174515
0.575598
0.819768
0.702479
0.364656
0.680922
0.321556
0.457892
0.612686
0.449631
0.489722
0.441362
0.340872
0.575744
0.608159
0.578812
0.583333
0.390071
0.289337
0.332954
0.539753
0.413052
0.493557
0.581782
0.384803
0.573003
0.445385
0.462573
0.577428
0.728408
0.849247
0.774301
0.798027
0.539612
0.764758
0.705081
0.588448
0.705903
0.162385
0.629076
0.464602
0.568725
0.740683
0.143037
0.164902
0.561785
0.437944
0.505552
0.29625
0.565393
0.517234
0.715849
0.288573
0.455796
0.461957
0.564788
0.600285
0.598869
0.661709
0.237282
0.313787
0.431473
0.782984
0.770677
0.692641
0.34018
0.4278
0.405614
0.67099
0.506422
0.55291
0.6278
0.715693
0.644964
0.458696
0.497698
0.475338
0.31489
0.642438
0.501288
0.646272
0.451168
0.272278
0.318919
0.678469
0.301043
0.739203
0.319837
0.349321
0.628734
0.754599
0.187862
0.693777
0.513038
0.40172
0.251224
0.718045
0.748188
0.398183
0.401914
0.383238
0.185511
0.28966
0.40502
0.407723
0.396906
0.428261
0.585959
0.756351
0.517544
0.248415
0.768821
0.369399
0.320188
0.762715
0.687966
0.844356
0.476124
0.546365
0.506335
0.80144
0.558366
0.710843
0.393545
0.377512
0.429513
0.118421
0.757626
0.70442
0.395527
0.750475
0.464556
0.765689
0.579182
0.252009
0.419543
0.50823
0.414819
0.357726
0.491023
0.274044
0.748095
0.355771
0.640459
0.474911
0.603789
0.483645
0.38622
0.64501
0.588654
0.481092
0.72158
0.327689
0.27089
0.352873
0.380856
0.773505
0.396348
0.665941
0.416938
0.750437
0.422633
0.657694
0.475864
0.401018
0.387709
0.365635
0.374753
0.725561
0.703532
0.532265
0.376454
0.473373
0.742726
0.486239
0.470104
0.376158
0.737382
0.774626
0.196934
0.328306
0.433563
0.311318
0.382906
0.443993
0.503712
0.272764
0.747464
0.406291
0.292379
0.411415
0.432683
0.334088
0.449761
0.231833
0.250282
0.216324
0.668371
0.717949
0.21306
0.782102
0.464064
0.538556
0.255466
0.44459
0.297239
0.408889
0.289575
0.158324
0.454511
0.548649
0.809908
0.396468
0.421077
0.348835
0.355771
0.466807
0.433775
0.33108
0.390423
0.36231
0.10043
0.383324
0.349631
0.586184
0.458894
0.326905
0.767395
0.43626
0.270795
0.505056
0.541317
0.394971
0.390672
0.57794
0.390805
0.363908
0.322515
0.380182
0.494112
0.209516
0.387449
0.289651
0.649567
0.285659
0.305735
0.688531
0.5622
0.661084
0.500171
0.315092
0.32705
0.387736
0.452959
0.306613
0.462727
0.171617
0.485119
0.213529
0.804337
0.522263
0.548899
0.794889
0.517206
0.499378
0.284689
0.419162
0.233632
0.803563
0.527896
0.279103
0.429752
0.525288
0.313995
0.412036
0.567205
0.457563
0.381847
0.55706
0.346813
0.452992
0.511699
0.334119
0.32705
0.455586
0.604278
0.327064
0.256115
0.672336
0.5084
0.224925
0.516382
0.746047
0.417344
0.406706
0.408194
0.177493
0.318844
0.451062
0.104767
0.690553
0.802556
0.670764
0.663593
0.446959
0.32031
0.261143
0.393355
0.384496
0.78263
0.649759
0.749869
0.534409
0.436872
0.275363
0.464123
0.318251
0.355176
0.462453
0.417057
0.329817
0.401254
0.47296
0.49231
0.636131
0.669483
0.145875
0.471429
0.752023
0.564077
0.401257
0.363228
0.41339
0.38596
0.467056
0.758361
0.725324
0.253513
0.19471
0.377202
0.320274
0.0330189
0.742242
0.311807
0.374814
0.382317
0.450894
0.374698
0.349975
