0.453726
0.591344
0.322259
0.115789
0.48692
0.26073
0.394978
0.259555
0.628226
0.298548
0.238764
0.50977
0.0993676
0.249246
0.347655
0.181259
0.472641
0.451759
0.572946
0.654321
0.429008
0.419932
0.0867676
0.114402
0.582192
0.124542
0.417208
0.706036
0.0838173
0.496639
0.488102
0.164832
0.445526
0.537504
0.483262
0.62221
0.207866
0.359957
0.393602
0.235765
0.3747
0.219762
0.521985
0.10464
0.181737
0.125535
0.693213
0.130107
0.692274
0.491776
0.179616
0.19827
0.444444
0.549107
0.446051
0.237208
0.6346
0.225503
0.714746
0.547651
0.851999
0.385292
0.193712
0.183375
0.128053
0.722405
0.458436
0.443996
0.559965
0.163988
0.612628
0.0811359
0.0764811
0.5154
0.554859
0.603686
0.641009
0.57167
0.532379
0.496971
0.777973
0.250402
0.121006
0.256104
0.273226
0.306413
0.287248
0.461213
0.582599
0.0962244
0.363636
0.243576
0.0600179
0.512333
0.0672408
0.466987
0.357341
0.278582
0.40424
0.0795208
0.507639
0.189549
0.100113
0.225042
0.331452
0.0754805
0.0593088
0.19244
0.659753
0.174743
0.621005
0.588061
0.316762
0.588538
0.509324
0.0692333
0.586068
0.144627
0.125213
0.135816
0.0710424
0.186167
0.0840751
0.199368
0.618849
0.119893
0.174674
0.282816
0.114015
0.141175
0.842303
0.120245
0.164276
0.173216
0.435514
0.096562
0.348288
0.684742
0.0914656
0.125949
0.124809
0.249749
0.181979
0.100735
0.484087
0.386003
0.115859
0.120589
0.0877193
0.0830084
0.37913
0.712639
0.497855
0.594481
0.144945
0.541384
0.276755
0.392753
0.801747
0.066073
0.399329
0.134699
0.319505
0.130709
0.10391
0.584615
0.165952
0.24039
0.272729
0.427402
0.0154882
0.0947045
0.55472
0.0283968
0.163389
0.167384
0.106306
0.250985
0.0406868
0.207096
0.179745
0.0480353
0.228481
0.506491
0.122244
0.117931
0.183286
0.406613
0.42982
0.342385
0.489564
0.422309
0.0878978
0.590975
0.383019
0.396071
0.376844
0.590308
0.525672
0.0632887
0.113217
0.274494
0.661121
0.381092
0.168151
0.107638
0.306893
0.029211
0.521333
0.548355
0.271906
0.681141
0.434874
0.36634
0.114822
0.174212
0.386742
0.320974
0.0598175
0.190853
0.286415
0.196067
0.203096
0.701443
0.662931
0.297973
0.289988
0.360498
0.566403
0.292948
0.730238
0.60701
0.250418
0.286735
0.335714
0.421995
0.423786
0.400406
0.684473
0.74011
0.566284
0.258432
0.397587
0.426966
0.324763
0.672679
0.313222
0.712763
0.187413
0.387761
0.687222
0.113655
0.48071
0.0380968
0.240511
0.612695
0.352372
0.0887915
0.285973
0.370409
0.22627
0.274228
0.386217
0.380658
0.686185
0.222344
0.441752
0.408179
0.051448
0.341837
0.149703
0.120021
0.0367965
0.624645
0.356547
0.412115
0.109584
0.204678
0.481017
0.456577
0.131076
0.105909
0.16253
0.245353
0.053704
0.188319
0.63912
0.0416355
0.462931
0.593189
0.121665
0.261754
0.12405
0.625241
0.0478196
0.146325
0.191388
0.0272066
0.0614089
0.0596854
0.494058
0.232707
0.0272406
0.521947
0.49764
0.159851
0.615423
0.119694
0.497487
0.644905
0.0344793
0.221717
0.426731
0.00701887
0.12365
0.0903418
0.37922
0.127258
0.30897
0.227095
0.236508
0.165681
0.656561
0.258299
0.683354
0.509277
0.494646
0.196019
0.346429
0.648937
0.320126
0.14008
0.0742913
0.470977
0.426602
0.61034
0.72684
0.500509
0.722606
0.176859
0.149319
0.862155
0.507391
0.315895
0.51045
0.244852
0.372697
0.451165
0.252961
0.191076
0.416268
0.355505
0.282123
0.331096
0.364923
0.676918
0.49331
0.351449
0.104116
0.0552553
0.306082
0.174442
0.0989338
0.306795
0.100015
0.395284
0.340055
0.821919
0.515284
0.518992
0.256492
0.0786618
0.456825
0.449889
0.377351
0.290421
0.314042
0.131662
0.339474
0.259869
0.424242
0.728979
0.577521
0.200493
0.156598
0.518918
0.365506
0.760916
0.707617
0.565124
0.427981
0.449203
0.712426
0.390706
0.822026
0.680364
0.667535
0.452001
0.661794
0.277972
0.398964
0.329928
0.466447
0.339382
0.426922
0.640235
0.24864
0.380821
0.168577
0.651062
0.420257
0.242549
0.0767608
0.126651
0.659775
0.0292861
0.495273
0.149348
0.221677
0.394452
0.0638845
0.318129
0.366728
0.278235
0.0518092
0.205514
0.248923
0.253263
0.796928
0.280734
0.367232
0.699836
0.230899
0.260728
0.0105119
0.442482
0.247706
0.199912
0.137973
0.484432
0.703339
0.0425586
0.399494
0.0531088
0.368877
0.0191799
0.669837
0.121971
0.201049
0.150609
0.0971027
0.0977241
0.161576
0.683673
0.293897
0.348684
0.0557419
0.444212
0.218352
0.0189145
0.0759637
0.641965
0.60867
0.425952
0.491704
0.021309
0.363753
0.51789
0.0618834
0.01287
0.0811404
0.24288
0.393851
0.304061
0.344144
0.121952
0.129318
0.045466
0.129972
0.29819
0.451398
0.336458
0.0873166
0.155189
0.336612
0.39533
0.473653
0.597741
0.141889
0.121113
0.290309
0.0820388
0.137548
0.587696
0.176202
0.217152
0.554723
0.304545
0.283904
0.238224
0.0823965
0.0644678
0.0803893
0.44563
0.07835
0.22702
0.603276
0.430077
0.598254
0.495059
0.36193
0.432258
0.266413
0.54511
0.279467
0.0275097
0.0462692
0.44205
0.29653
0.709763
0.245242
0.152706
0.443478
0.227524
0.771123
0.389277
0.285022
0.169807
0.10894
0.590753
0.42
0.342361
0.601266
0.042349
0.200717
0.0166545
0.0603967
0.2288
0.39512
0.604127
0.318325
0.746412
0.246909
0.68357
0.515884
0.15
0.343373
0.161775
0.0989759
0.459558
0.0235662
0.218946
0.211322
0.182052
0.0942682
0.197778
0.246154
0.356154
0.526808
0.0445469
0.738173
0.433429
0.598291
0.0522244
0.29757
0.199546
0.43173
0.553221
0.741638
0.446665
0.391529
0.233858
0.833797
0.484981
0.238224
0.548894
0.36456
0.475281
0.439435
0.41792
0.522988
0.309138
0.754538
0.655269
0.0545809
0.119706
0.22619
0.415442
0.269931
0.244279
0.35012
0.548281
0.388702
0.613832
0.627523
0.350556
0.377171
0.681872
0.0805556
0.0820158
0.456477
0.0602323
0.755488
0.285645
0.475774
0.373323
0.211451
0.541602
0.593322
0.098641
0.166159
0.0495818
0.171398
0.235097
0.142866
0.0893964
0.0842142
0.12266
0.430882
0.399787
0.257588
0.442205
0.172249
0.571873
0.352166
0.1515
0.651101
0.234372
0.214542
0.0537183
0.347797
0.317613
0.21519
0.0742729
0.0249576
0.711462
0.616584
0.159395
0.362416
0.343227
0.648788
0.121049
0.0940711
0.283217
0.245556
0.281862
0.192145
0.166035
0.230052
0.0451128
0.017866
0.112921
0.0932654
0.0620655
0.443603
0.732528
0.549153
0.533487
0.47082
0.166301
0.387028
0.589857
0.0513408
0.0157418
0.419147
0.409705
0.0535093
0.36348
0.15775
0.541171
0.690779
0.705085
0.487677
0.469701
0.0992943
0.519173
0.540828
0.202778
0.191369
0.722833
0.607411
0.442961
0.0586451
0.29121
0.562439
0.444304
0.29257
0.733156
0.360954
0.273047
0.404355
0.659357
0.0377007
0.208548
0.680056
0.0890716
0.142763
0.481771
0.33722
0.277349
0.334845
0.0522427
0.317101
0.742354
0.367322
0.230508
0.404063
0.461855
0.415547
0.696203
0.667471
0.417405
0.371189
0.278092
0.567601
0.269525
0.47744
0.300168
0.328517
0.171222
0.454866
0.599151
0.24613
0.706652
0.018292
0.0606112
0.3
0.0628034
0.146411
0.439713
0.381941
0.295374
0.241808
0.29311
0.0292501
0.114387
0.366304
0.319871
0.582904
0.640613
0.122722
0.781852
0.449883
0.114854
0.426375
0.207711
0.0852695
0.201291
0.715441
0.574775
0.719895
0.137705
0.0440223
0.18385
0.259046
0.299259
0.650824
0.225895
0.51533
0.134468
0.428674
0.555733
0.66417
0.565945
0.475306
0.127915
0.0179198
0.0710923
0.149235
0.231828
0.473793
0.353042
0.683871
0.660839
0.504245
0.700549
0.278051
0.694436
0.683502
0.351976
0.425926
0.655022
0.605917
0.392179
0.405096
0.10975
0.0464912
0.668937
0.158545
0.349419
0.542441
0.318642
0.320206
0.546652
0.218111
0.266659
0.176627
0.0815897
0.637263
0.482637
0.606889
0.675823
0.375348
0.0411598
0.506962
0.115527
0.290978
0.247326
0.213423
0.0969907
0.29701
0.356188
0.316209
0.294915
0.468991
0.0333879
0.0814394
0.219722
0.125138
0.672986
0.228862
0.547945
0.521972
0.566123
0.360839
0.494545
0.636056
0.472185
0.73021
0.565949
0.319306
0.0404533
0.406407
0.0844569
0.259433
0.0638923
0.542229
0.0737813
0.194616
0.194736
0.146411
0.333617
0.0923175
0.135143
0.153349
0.393475
0.658904
0.248565
0.400549
0.465006
0.362121
0.33152
0.127245
0.374985
0.0896716
0.291187
0.641847
0.511648
0.143044
0.177147
0.658635
0.0656191
0.167611
0.25032
0.264516
0.496738
0.149198
0.299427
0.137484
0.59904
0.436102
0.25684
0.459924
0.433
0.0120283
0.146836
0.0643222
0.0930885
0.509265
0.527578
0.149422
0.410608
0.0998094
0.45472
0.596883
0.194779
0.251941
0.325031
0.526786
0.363903
0.232222
0.375526
0.100454
0.221389
0.201381
0.702411
0.675395
0.379676
0.042059
0.0825788
0.341224
0.235385
0.194088
0.0716475
0.0699437
0.197727
0.1968
0.297402
0.615222
0.461051
0.321111
0.164043
0.0543368
0.23049
0.186229
0.176842
0.0697713
0.309946
0.780142
0.394101
0.295566
0.107537
0.257084
0.251393
0.216342
0.0315789
0.106535
0.208965
0.163669
0.608483
0.0834846
0.119363
0.615869
0.205826
0.337559
0.703565
0.589218
0.604919
0.0752368
0.321122
0.84401
0.15319
0.476663
0.325301
0.12332
0.655928
0.127767
0.185893
0.652418
0.73423
0.560742
0.562018
0.265081
0.731773
0.127586
0.767433
0.415488
0.0848214
0.0539401
0.205714
0.303824
0.505645
0.789388
0.331639
0.332453
0.131111
0.564089
0.214687
0.192923
0.525162
0.0412271
0.456112
0.221101
0.0868301
0.430805
0.231483
0.272663
0.69025
0.839766
0.15592
0.360145
0.0347373
0.189691
0.099709
0.354056
0.489102
0.328074
0.21533
0.311741
0.717858
0.0209197
0.492568
0.449441
0.465394
0.41239
0.272408
0.143471
0.2643
0.348652
0.12468
0.490202
0.652414
0.633408
0.301832
0.636058
0.139263
0.313242
0.491368
0.490972
0.0549614
0.15218
0.109722
0.533201
0.063057
0.324321
0.180079
0.652841
0.543487
0.386785
0.0434648
0.502002
0.837029
0.691697
0.092623
0.759587
0.176793
0.656515
0.149472
0.264492
0.0804696
0.742176
0.070367
0.0424913
0.0719639
0.083959
0.574722
0.752727
0.20445
0.0507129
0.826042
0.32255
0.0942216
0.19818
0.206548
0.236583
0.117195
0.143656
0.303019
0.311303
0.268771
0.627517
0.611815
0.544189
0.609786
0.060034
0.378706
0.772299
0.138013
0.171628
0.72051
0.158212
0.362903
0.731231
0.55894
0.184927
0.444113
0.0713922
0.0638418
0.437992
0.217284
0.16696
0.157299
0.37767
0.707057
0.30505
0.163204
0.289266
0.712757
0.241389
0.159506
0.58153
0.184759
0.219989
0.0768675
0.581275
0.240099
0.294894
0.524982
0.0771631
0.0535626
0.101046
0.59446
0.296976
0.225682
0.129295
0.0899493
0.124756
0.0884211
0.218481
0.396569
0.436436
0.343219
0.0964248
0.103637
0.250304
0.0736875
0.311621
0.290459
0.401596
0.137277
0.126943
0.666456
0.605263
0.719311
0.369199
0.715388
0.50091
0.324848
0.22366
0.336849
0.27457
0.383257
0.547954
0.427505
0.059516
0.181341
0.295994
0.59887
0.735484
0.678434
0.755412
0.472299
0.394397
0.451829
0.329566
0.754605
0.706904
0.056656
0.409407
0.227566
0.453531
0.360452
0.417405
0.525457
0.113072
0.208333
0.423118
0.233957
0.743173
0.651547
0.53973
0.0784171
0.0709891
0.258561
0.11552
0.347484
0.17688
0.704897
0.551494
0.425056
0.183511
0.388746
0.353934
0.0899264
0.0820847
0.0637176
0.758333
0.324152
0.348801
0.352499
0.406456
0.322248
0.24178
0.0988877
0.0827273
0.620182
0.599786
0.433145
0.409091
0.450741
0.12649
0.455205
0.460411
0.23369
0.369246
0.185315
0.274695
0.766235
0.487244
0.0498904
0.353315
0.533689
0.216357
0.726084
0.526807
0.414802
0.321555
0.0259563
0.347197
0.377332
0.526284
0.140293
0.710933
0.173239
0.42234
0.501992
0.546147
0.413798
0.395946
0.332461
0.651903
0.325729
0.322659
0.663188
0.637422
0.597615
0.812311
0.539615
0.117433
0.0800057
0.746255
0.12101
0.368256
0.242093
0.520936
0.206243
0.0804882
0.281727
0.2606
0.0201041
0.537077
0.133817
0.0980833
0.0304985
0.651237
0.149175
0.631429
0.618852
0.695042
0.195458
0.402174
0.608468
0.340378
0.702115
0.179415
0.630912
0.396321
0.531182
0.487133
0.775283
0.146431
0.480242
0.317025
0.636316
0.269613
0.459502
0.615259
0.599415
0.437272
0.0989175
0.316683
0.401102
0.104356
0.202183
0.508076
0.386021
0.0739554
0.541079
0.702474
0.292956
0.276433
0.336721
0.068761
0.0240757
0.105454
0.235027
0.520563
0.302147
0.150264
0.501672
0.417885
0.29124
0.633101
0.475318
0.699234
0.557079
0.708011
0.258621
0.25331
0.240602
0.49617
0.718087
0.449258
0.145619
0.0918074
0.0898296
0.634437
0.515873
0.242331
0.0779339
0.345101
0.438476
0.457915
0.16854
0.293026
0.06192
0.115907
0.664875
0.623096
0.383648
0.079216
0.556553
0.456025
0.158867
0.777174
0.0952337
0.72995
0.641158
0.715722
0.29304
0.822048
0.0832733
0.704796
0.704826
0.756383
0.0408692
0.325338
0.16337
0.738388
0.178243
0.588062
0.734794
0.287081
0.26526
0.0551931
0.310934
0.507284
0.827453
0.0947304
0.536913
0.677322
0.490593
0.345679
0.242486
0.178906
0.460446
0.0782536
0.304172
0.0423691
0.426238
0.665094
0.848893
0.242525
0.698955
0.434921
0.091539
0.169669
0.232684
0.201791
0.0862708
0.346619
0.39632
0.550227
0.80572
0.633836
0.287632
0.422065
0.262165
0.501384
0.185491
0.75718
0.343095
0.186441
0.283566
0.0860059
0.0907687
0.0559073
0.138904
0.576563
0.228689
0.355905
0.38962
0.0345946
0.155668
0.229975
0.297136
0.362533
0.105801
0.0549722
0.167901
0.235577
0.124524
0.364191
0.0354839
0.332959
0.400449
0.661017
0.262203
0.583908
0.205065
0.325608
0.148792
0.439083
0.213823
0.374847
0.72799
0.444879
0.423601
0.236987
0.622448
0.852137
0.604131
0.831691
0.575888
0.449325
0.736678
0.790643
0.548951
0.402797
0.480388
0.158686
0.61122
0.292248
0.610067
0.283698
0.618151
0.74084
0.333487
0.682635
0.728886
0.449664
0.800053
0.484515
0.42071
0.376871
0.212951
0.658966
0.220301
0.665936
0.0960389
0.0518255
0.181072
0.0249432
0.0679612
0.176487
0.143366
0.472032
0.358066
0.326421
0.51445
0.617775
0.568536
0.287707
0.709169
0.432115
0.294204
0.365355
0.110981
0.398435
0.136065
0.355116
0.581786
0.226911
0.0379682
0.615526
0.607632
0.661306
0.393582
0.195351
0.250314
0.226954
0.0737319
0.316883
0.10589
0.158836
0.378216
0.0935484
0.151899
0.737597
0.711174
0.246252
0.264262
0.287356
0.0696203
0.390573
0.62068
0.484127
0.0907095
0.35018
0.346073
0.383576
0.0731851
0.164441
0.488495
0.263736
0.135766
0.296564
0.531635
0.18573
0.0558214
0.0470395
0.234243
0.203777
0.41406
0.714531
0.181872
0.125111
0.728858
0.422893
0.279162
0.26021
0.12877
0.340529
0.323706
0.385251
0.204906
0.244007
0.659408
0.0249977
0.317745
0.391002
0.062623
0.826393
0.150839
0.19864
0.214392
0.723145
0.689675
0.444292
0.761186
0.396252
0.204274
0.167668
0.29024
0.511431
0.511518
0.298392
0.157336
0.374553
0.885709
0.0407828
0.300324
0.213481
0.111232
0.0449605
0.37341
0.462601
0.576744
0.457521
0.58584
0.716129
0.751817
0.262317
0.642584
0.787311
0.528075
0.627366
0.638425
0.38702
0.5
0.78834
0.764995
0.345312
0.882936
0.280567
0.595619
0.659219
0.628713
0.298807
0.758144
0.211209
0.355297
0.702057
0.715253
0.779044
0.554281
0.0403313
0.443937
0.497356
0.313501
0.692861
0.216912
0.772214
0.155223
0.587084
0.58482
0.100457
0.283371
0.611885
0.697611
0.766787
0.64528
0.0571277
0.432607
0.090544
0.380138
0.541929
0.30004
0.743787
0.376588
0.122244
0.343772
0.0975171
0.0984112
0.635583
0.270802
0.118182
0.595569
0.116426
0.0927909
0.509167
0.25423
0.0230483
0.3306
0.247084
0.0100719
0.165455
0.511512
0.618464
0.280343
0.36378
0.243584
0.327735
0.341201
0.103643
0.231235
0.277887
0.506866
0.69228
0.153673
0.827263
0.620883
0.645744
0.123841
0.0365117
0.397203
0.0347142
0.651325
0.491979
0.150784
0.0835088
0.281385
0.626581
0.849392
0.212281
0.243908
0.485841
0.0428729
0.0437562
0.326962
0.620088
0.0555556
0.0887507
0.153372
0.554689
0.516413
0.115642
0.032781
0.306718
0.137514
0.287879
0.110888
0.750677
0.318668
0.422246
0.288194
0.242851
0.3798
0.00168463
0.616096
0.398108
0.714869
0.56239
0.066161
0.24641
0.453695
0.086935
0.38092
0.039095
0.20274
0.0353146
0.326636
0.305344
0.33642
0.148888
0.022237
0.0907397
0.206071
0.567428
0.143157
0.402446
0.0644911
0.536231
0.582524
0.602346
0.0529382
0.5707
0.555733
0.0484973
0.64691
0.240466
0.038935
0.0507424
0.172168
0.336468
0.328326
0.562298
0.623094
0.61039
0.313343
0.287019
0.519594
0.419942
0.374164
0.290678
0.238095
0.0807956
0.343447
0.212958
0.295643
0.0975439
0.33152
0.389056
0.714706
0.704861
0.330068
0.329501
0.0962587
0.0968468
0.820101
0.0489141
0.216356
0.12532
0.110559
0.546922
0.695444
0.279046
0.226065
0.174905
0.378894
0.0679848
0.469431
0.204015
0.0760908
0.294569
0.479715
0.108309
0.0693645
0.118203
0.105426
0.167939
0.498617
0.0355926
0.413831
0.532659
0.0517995
0.401845
0.154219
0.0276942
0.093098
0.0417829
0.626645
