0.143909
0.065631
0.66524
0.0533981
0.358622
0.173085
0.0664037
0.206061
0.62386
0.477642
0.76043
0.435581
0.108791
0.0430667
0.431644
0.0596278
0.229532
0.433967
0.0822193
0.0860879
0.734567
0.69469
0.731883
0.392571
0.682894
0.201624
0.525049
0.572746
0.634027
0.524351
0.399234
0.213483
0.550929
0.672634
0.284951
0.0258844
0.0537634
0.714777
0.646124
0.0434656
0.693626
0.358439
0.185124
0.0778325
0.0839016
0.482077
0.104833
0.548223
0.626954
0.651971
0.376266
0.490347
0.458502
0.0657282
0.212334
0.19349
0.121324
0.0268199
0.647636
0.719018
0.590526
0.464476
0.462165
0.647396
0.672812
0.652408
0.700982
0.622752
0.620714
0.777594
0.210756
0.523061
0.735
0.0918475
0.679259
0.532141
0.643046
0.309326
0.22212
0.658385
0.564331
0.613753
0.711458
0.665451
0.585756
0.47319
0.287356
0.624962
0.0488878
0.481136
0.697702
0.450841
0.111628
0.106027
0.750197
0.663837
0.567803
0.633843
0.694925
0.695773
0.641486
0.677556
0.640835
0.374706
0.352575
0.196117
0.665863
0.184411
0.189607
0.0449041
0.457187
0.128806
0.325378
0.768363
0.0784332
0.615125
0.432041
0.653811
0.571343
0.678396
0.161899
0.517281
0.662144
0.65755
0.642584
0.586506
0.681422
0.63105
0.690596
0.635294
0.695161
0.678131
0.421941
0.735159
0.859502
0.048283
0.0122426
0.272773
0.285066
0.165691
0.582474
0.0704725
0.167438
0.460066
0.475779
0.528478
0.6088
0.633545
0.719106
0.749959
0.329113
0.0260146
0.262084
0.165687
0.799404
0.541806
0.238933
0.632891
0.670403
0.2178
0.298197
0.199875
0.520042
0.671048
0.686379
0.711291
0.678838
0.744123
0.680977
0.740481
0.123922
0.588283
0.669312
0.600486
0.562892
0.602174
0.594385
0.655004
0.603815
0.61114
0.494999
0.712192
0.696738
0.608763
0.588278
0.348858
0.577778
0.562401
0.58719
0.119777
0.777905
0.715773
0.387527
0.687656
0.603386
0.142405
0.506411
0.655786
0.267959
0.533484
0.102332
0.212313
0.250757
0.67191
0.816723
